"Source" "Target"
1 239
239 257
1 257
247 257
1 247
239 247
239 250
1 250
250 257
247 250
40 47
1 47
47 221
47 101
47 76
47 232
27 47
47 213
47 210
1 40
40 221
40 101
40 76
40 232
27 40
40 213
40 210
1 221
1 101
1 76
1 232
1 27
1 213
1 210
101 221
76 221
221 232
27 221
213 221
210 221
76 101
101 232
27 101
101 213
101 210
76 232
27 76
76 213
76 210
27 232
213 232
210 232
27 213
27 210
210 213
101 257
76 257
232 257
40 186
1 186
186 221
101 186
186 232
27 186
186 213
186 210
1 220
1 218
101 220
101 218
220 221
218 221
218 220
220 257
221 257
40 46
46 182
1 46
46 101
46 196
46 76
46 82
46 126
46 128
30 46
46 264
46 262
46 268
40 182
40 196
40 82
40 126
40 128
30 40
40 264
40 262
40 268
1 182
101 182
182 196
76 182
82 182
126 182
128 182
30 182
182 264
182 262
182 268
1 196
1 82
1 126
1 128
1 30
1 264
1 262
1 268
101 196
82 101
101 126
101 128
30 101
101 264
101 262
101 268
76 196
82 196
126 196
128 196
30 196
196 264
196 262
196 268
76 82
76 126
76 128
30 76
76 264
76 262
76 268
82 126
82 128
30 82
82 264
82 262
82 268
126 128
30 126
126 264
126 262
126 268
30 128
128 264
128 262
128 268
30 264
30 262
30 268
262 264
264 268
262 268
155 158
158 177
158 238
158 237
3 158
1 158
155 177
155 238
155 237
3 155
1 155
177 238
177 237
3 177
1 177
237 238
3 238
1 238
3 237
1 237
1 3
227 239
1 227
227 247
227 257
227 253
227 259
227 258
239 253
239 259
239 258
1 253
1 259
1 258
247 253
247 259
247 258
253 257
257 259
257 258
253 259
253 258
258 259
249 258
8 258
249 259
8 259
249 253
8 253
249 257
8 257
247 249
8 247
1 249
8 249
239 249
227 249
1 8
8 239
8 227
77 81
76 81
81 189
81 193
81 101
81 97
1 81
81 183
81 182
46 81
76 77
77 189
77 193
77 101
77 97
1 77
77 183
77 182
46 77
76 189
76 193
76 97
76 183
189 193
101 189
97 189
1 189
183 189
182 189
46 189
101 193
97 193
1 193
183 193
182 193
46 193
97 101
101 183
1 97
97 183
97 182
46 97
1 183
182 183
46 183
89 96
95 96
93 96
96 237
3 96
1 96
89 95
89 93
89 237
3 89
1 89
93 95
95 237
3 95
1 95
93 237
3 93
1 93
4 183
183 239
1 4
4 239
45 47
47 97
47 191
38 47
36 47
47 186
47 233
40 45
1 45
45 97
45 101
45 191
38 45
36 45
45 186
45 232
45 233
40 97
40 191
38 40
36 40
40 233
1 191
1 38
1 36
1 233
97 191
38 97
36 97
97 186
97 232
97 233
101 191
38 101
36 101
101 233
38 191
36 191
186 191
191 232
191 233
36 38
38 186
38 232
38 233
36 186
36 232
36 233
186 233
232 233
1 184
184 247
184 257
184 258
42 43
39 42
42 182
42 183
4 42
1 42
42 70
42 101
42 139
42 174
42 140
42 144
42 111
39 43
43 182
43 183
4 43
1 43
43 70
43 101
43 139
43 174
43 140
43 144
43 111
39 182
39 183
4 39
1 39
39 70
39 101
39 139
39 174
39 140
39 144
39 111
4 182
70 182
139 182
174 182
140 182
144 182
111 182
70 183
139 183
174 183
140 183
144 183
111 183
4 70
4 101
4 139
4 174
4 140
4 144
4 111
1 70
1 139
1 174
1 140
1 144
1 111
70 101
70 139
70 174
70 140
70 144
70 111
101 139
101 174
101 140
101 144
101 111
139 174
139 140
139 144
111 139
140 174
144 174
111 174
140 144
111 140
111 144
46 72
46 185
25 46
27 46
46 213
46 212
46 210
1 72
1 185
1 25
1 212
72 101
72 185
25 72
27 72
72 213
72 212
72 210
101 185
25 101
101 212
25 185
27 185
185 213
185 212
185 210
25 27
25 213
25 212
25 210
27 212
212 213
210 212
70 72
28 46
28 182
1 28
28 97
28 101
28 139
28 136
28 176
46 139
46 136
46 176
136 182
176 182
1 136
1 176
97 139
97 136
97 176
101 136
101 176
136 139
139 176
136 176
47 185
47 168
45 185
45 168
27 45
45 213
45 210
40 185
40 168
1 168
97 185
97 168
27 97
97 213
97 210
101 168
168 185
27 168
168 213
168 210
32 46
40 193
32 40
1 32
32 101
32 193
30 193
193 264
193 262
193 268
30 32
32 264
32 262
32 268
49 54
48 54
50 54
51 54
54 180
54 181
1 54
54 193
54 196
54 76
54 83
54 82
54 85
54 126
54 131
48 49
49 50
49 51
49 180
49 181
1 49
49 193
49 196
49 76
49 83
49 82
49 85
49 126
49 131
48 50
48 51
48 180
48 181
1 48
48 193
48 196
48 76
48 83
48 82
48 85
48 126
48 131
50 51
50 180
50 181
1 50
50 193
50 196
50 76
50 83
50 82
50 85
50 126
50 131
51 180
51 181
1 51
51 193
51 196
51 76
51 83
51 82
51 85
51 126
51 131
180 181
1 180
180 193
180 196
76 180
83 180
82 180
85 180
126 180
131 180
1 181
181 193
181 196
76 181
83 181
82 181
85 181
126 181
131 181
1 83
1 85
1 131
193 196
83 193
82 193
85 193
126 193
131 193
83 196
85 196
131 196
76 83
76 85
76 131
82 83
83 85
83 126
83 131
82 85
82 131
85 126
85 131
126 131
101 131
85 101
83 101
101 181
101 180
51 101
50 101
48 101
49 101
54 101
47 182
47 72
47 70
47 98
47 219
47 217
47 220
47 218
45 182
45 72
45 70
45 98
45 219
45 217
45 220
45 218
40 72
40 70
40 98
40 219
40 217
40 220
40 218
72 182
98 182
182 219
182 217
182 220
182 218
1 98
1 219
1 217
72 98
72 219
72 217
72 220
72 218
70 98
70 219
70 217
70 220
70 218
98 219
98 217
98 220
98 218
217 219
219 220
218 219
217 220
217 218
28 41
28 47
28 45
28 40
4 28
3 28
28 237
8 28
28 239
41 46
46 47
45 46
4 46
3 46
46 237
8 46
46 239
41 47
41 45
40 41
4 41
3 41
41 237
8 41
41 239
4 47
3 47
47 237
8 47
47 239
4 45
3 45
45 237
8 45
45 239
4 40
3 40
40 237
8 40
40 239
3 4
4 237
4 8
3 8
3 239
8 237
237 239
182 239
8 182
182 237
3 182
41 182
238 239
8 238
3 181
8 181
181 239
28 183
40 183
66 69
61 69
67 69
69 105
12 69
15 69
14 69
5 69
11 69
69 158
69 156
69 220
69 221
69 101
69 192
69 196
23 69
69 146
61 66
66 67
66 105
12 66
15 66
14 66
5 66
11 66
66 158
66 156
66 220
66 221
66 101
66 192
66 196
23 66
66 146
61 67
61 105
12 61
15 61
14 61
5 61
11 61
61 158
61 156
61 220
61 221
61 101
61 192
61 196
23 61
61 146
67 105
12 67
15 67
14 67
5 67
11 67
67 158
67 156
67 220
67 221
67 101
67 192
67 196
23 67
67 146
12 105
15 105
14 105
5 105
11 105
105 158
105 156
105 220
105 221
101 105
105 192
105 196
23 105
105 146
12 15
12 14
5 12
11 12
12 158
12 156
12 220
12 221
12 101
12 192
12 196
12 23
12 146
14 15
5 15
11 15
15 158
15 156
15 220
15 221
15 101
15 192
15 196
15 23
15 146
5 14
11 14
14 158
14 156
14 220
14 221
14 101
14 192
14 196
14 23
14 146
5 11
5 158
5 156
5 220
5 221
5 101
5 192
5 196
5 23
5 146
11 158
11 156
11 220
11 221
11 101
11 192
11 196
11 23
11 146
156 158
158 220
158 221
101 158
158 192
158 196
23 158
146 158
156 220
156 221
101 156
156 192
156 196
23 156
146 156
192 220
196 220
23 220
146 220
192 221
196 221
23 221
146 221
101 192
23 101
101 146
192 196
23 192
146 192
23 196
146 196
23 146
53 210
24 210
26 210
165 210
36 210
176 210
139 210
138 210
156 210
158 210
11 210
5 210
12 210
53 213
24 213
26 213
165 213
36 213
176 213
139 213
138 213
156 213
158 213
11 213
5 213
12 213
24 53
26 53
27 53
53 165
53 168
53 232
53 186
36 53
53 176
53 139
53 138
53 156
53 158
11 53
5 53
12 53
24 26
24 27
24 165
24 168
24 232
24 186
24 36
24 176
24 139
24 138
24 156
24 158
11 24
5 24
12 24
26 27
26 165
26 168
26 232
26 186
26 36
26 176
26 139
26 138
26 156
26 158
11 26
5 26
12 26
27 165
27 36
27 176
27 139
27 138
27 156
27 158
11 27
5 27
12 27
165 168
165 232
165 186
36 165
165 176
139 165
138 165
156 165
158 165
11 165
5 165
12 165
168 232
168 186
36 168
168 176
139 168
138 168
156 168
158 168
11 168
5 168
12 168
176 232
139 232
138 232
156 232
158 232
11 232
5 232
12 232
176 186
139 186
138 186
156 186
158 186
11 186
5 186
12 186
36 176
36 139
36 138
36 156
36 158
11 36
5 36
12 36
138 176
156 176
158 176
11 176
5 176
12 176
138 139
139 156
139 158
11 139
5 139
12 139
138 156
138 158
11 138
5 138
12 138
127 147
146 147
22 147
147 196
101 147
147 221
147 220
147 158
11 147
5 147
14 147
15 147
12 147
127 146
22 127
127 196
101 127
127 221
127 220
127 158
11 127
5 127
14 127
15 127
12 127
22 146
22 196
22 101
22 221
22 220
22 158
11 22
5 22
14 22
15 22
12 22
272 277
275 277
262 277
264 277
277 278
32 277
19 277
11 277
6 277
239 277
272 275
262 272
264 272
272 278
32 272
19 272
11 272
6 272
239 272
262 275
264 275
275 278
32 275
19 275
11 275
6 275
239 275
262 278
19 262
11 262
6 262
239 262
264 278
19 264
11 264
6 264
239 264
32 278
19 278
11 278
6 278
239 278
19 32
11 32
6 32
32 239
11 19
6 19
19 239
6 11
11 239
6 239
7 139
9 139
139 239
7 9
7 239
9 239
115 120
120 239
7 120
120 139
120 224
120 222
120 193
115 239
7 115
115 139
115 224
115 222
115 193
224 239
222 239
193 239
7 224
7 222
7 193
139 224
139 222
139 193
222 224
193 224
193 222
120 220
115 220
220 239
7 220
220 224
220 222
193 220
139 220
106 239
103 239
15 239
12 239
7 106
103 106
15 106
12 106
7 103
7 15
7 12
15 103
12 103
12 227
15 227
103 227
7 227
106 227
158 239
11 106
106 158
7 11
7 158
11 227
158 227
235 239
161 239
239 268
7 235
7 161
7 268
11 235
11 161
11 268
161 235
235 268
161 268
68 105
68 104
68 103
7 68
11 68
68 139
68 176
104 105
103 105
7 105
105 139
105 176
103 104
7 104
11 104
104 139
104 176
11 103
103 139
103 176
7 176
68 220
68 221
68 101
104 220
104 221
101 104
103 220
103 221
101 103
7 221
7 101
129 133
129 134
85 129
82 129
76 129
83 129
129 189
129 193
129 223
101 129
129 221
129 220
11 129
7 129
129 239
133 134
85 133
82 133
76 133
83 133
133 189
133 193
133 223
101 133
133 221
133 220
11 133
7 133
133 239
85 134
82 134
76 134
83 134
134 189
134 193
134 223
101 134
134 221
134 220
11 134
7 134
134 239
85 189
85 223
85 221
85 220
11 85
7 85
85 239
82 189
82 223
82 221
82 220
11 82
7 82
82 239
76 223
76 220
11 76
7 76
76 239
83 189
83 223
83 221
83 220
11 83
7 83
83 239
189 223
189 221
189 220
11 189
7 189
189 239
193 223
193 221
11 193
101 223
221 223
220 223
11 223
7 223
223 239
101 239
221 239
139 227
176 227
38 227
176 239
38 239
7 38
11 38
38 139
38 176
239 252
7 252
11 252
101 252
10 177
106 177
7 177
108 177
68 177
10 106
7 10
10 108
10 68
106 108
68 106
7 108
68 108
70 94
8 70
70 239
72 94
8 72
72 239
8 94
94 239
181 237
41 183
47 183
45 183
8 183
71 72
72 238
70 71
70 238
71 238
8 71
71 239
21 146
20 146
146 177
8 146
95 146
91 146
54 146
49 146
51 146
50 146
20 21
21 101
21 177
8 21
21 95
21 91
21 54
21 49
21 51
21 50
20 101
20 177
8 20
20 95
20 91
20 54
20 49
20 51
20 50
101 177
8 101
95 101
91 101
8 177
95 177
91 177
54 177
49 177
51 177
50 177
8 95
8 91
8 54
8 49
8 51
8 50
91 95
54 95
49 95
51 95
50 95
54 91
49 91
51 91
50 91
239 245
239 244
8 245
8 244
245 249
244 249
245 253
244 253
245 259
244 259
245 258
244 258
244 245
39 239
43 239
42 239
8 39
8 43
8 42
54 94
54 219
32 54
30 54
54 264
54 262
54 268
91 94
91 219
32 91
30 91
91 264
91 262
91 268
94 95
95 219
32 95
30 95
95 264
95 262
95 268
94 177
94 219
94 101
32 94
30 94
94 264
94 262
94 268
8 219
8 32
8 30
8 264
8 262
8 268
177 219
32 177
30 177
177 264
177 262
177 268
101 219
32 219
30 219
219 264
219 262
219 268
176 233
139 233
220 233
217 233
178 233
177 233
8 233
86 233
89 233
96 233
220 232
217 232
178 232
177 232
8 232
86 232
89 232
96 232
186 220
186 217
178 186
177 186
8 186
86 186
89 186
96 186
36 220
36 217
36 178
36 177
8 36
36 86
36 89
36 96
176 220
176 217
176 178
176 177
8 176
86 176
89 176
96 176
139 217
139 178
139 177
8 139
86 139
89 139
96 139
178 220
177 220
8 220
86 220
89 220
96 220
178 217
177 217
8 217
86 217
89 217
96 217
177 178
8 178
86 178
89 178
96 178
86 177
89 177
96 177
8 86
8 89
8 96
86 89
86 96
49 94
49 178
49 217
49 220
49 139
49 176
36 49
49 186
49 232
49 233
54 178
54 217
54 220
54 139
54 176
36 54
54 186
54 232
54 233
91 178
91 217
91 220
91 139
91 176
36 91
91 186
91 232
91 233
95 178
95 217
95 220
95 139
95 176
36 95
95 186
95 232
95 233
94 178
94 217
94 220
94 139
94 176
36 94
94 186
94 232
94 233
17 21
21 194
21 86
21 89
21 96
17 20
20 194
20 86
20 89
20 96
17 194
17 101
17 177
8 17
17 86
17 95
17 89
17 96
101 194
177 194
8 194
86 194
95 194
89 194
96 194
86 101
89 101
96 101
86 95
9 220
9 101
9 193
101 224
9 224
233 239
9 38
9 233
185 239
210 239
11 185
161 185
185 268
161 210
210 268
213 239
25 53
53 185
53 239
11 25
25 239
232 239
167 239
11 167
167 232
25 232
25 167
53 167
167 210
161 211
53 161
25 161
210 211
53 211
25 211
11 211
211 239
185 211
126 239
131 239
11 126
11 131
131 132
128 131
131 145
128 132
126 132
132 145
101 132
11 132
132 239
128 145
11 128
128 239
126 145
101 145
11 145
145 239
26 185
26 239
27 239
168 239
214 239
11 214
185 214
168 214
27 214
26 214
213 214
165 239
24 239
165 185
24 185
165 214
24 214
53 214
187 239
11 187
185 187
168 187
27 187
26 187
24 187
53 187
187 213
187 214
30 278
76 278
101 278
11 30
30 239
239 271
162 239
11 271
11 162
19 30
19 271
19 162
30 272
30 271
30 162
264 271
162 264
262 271
162 262
271 272
162 272
162 271
11 233
232 235
233 235
167 235
164 239
11 164
164 235
164 232
164 233
109 112
110 112
112 187
11 112
112 239
109 110
109 187
11 109
109 239
110 187
11 110
110 239
38 137
38 136
38 158
136 137
137 139
137 158
11 137
137 239
136 158
11 136
136 239
34 239
35 239
18 239
11 34
11 35
11 18
34 139
35 139
18 139
83 139
76 139
34 136
35 136
18 136
83 136
76 136
34 38
35 38
18 38
38 83
38 76
34 35
18 34
34 83
34 76
18 35
35 83
35 76
18 83
18 76
196 239
146 239
23 239
21 239
11 21
21 196
21 23
11 20
20 239
147 239
127 239
23 147
23 127
21 22
22 239
242 251
240 251
241 251
20 251
196 251
101 251
11 251
239 251
240 242
241 242
20 242
196 242
101 242
11 242
239 242
240 241
20 240
196 240
101 240
11 240
239 240
20 241
196 241
101 241
11 241
239 241
20 196
77 239
81 239
11 77
11 81
84 129
84 133
84 134
84 85
82 84
76 84
11 84
84 239
78 239
80 239
11 78
11 80
76 78
76 80
78 83
77 83
81 83
80 83
77 78
78 81
78 80
77 80
80 81
36 239
186 239
188 239
234 239
236 239
11 188
11 234
11 236
36 188
36 234
36 236
186 188
186 234
186 236
188 234
188 236
234 236
109 163
163 168
163 232
11 163
163 239
109 168
109 232
169 173
172 173
173 176
11 173
173 239
169 172
169 176
11 169
169 239
172 176
11 172
172 239
170 173
169 170
170 172
170 176
11 170
170 239
68 227
198 227
149 227
151 227
154 227
68 239
198 239
149 239
151 239
154 239
12 68
68 198
68 149
68 151
68 154
12 198
12 149
12 151
12 154
149 198
151 198
154 198
149 151
149 154
151 154
60 228
60 227
60 239
60 68
12 60
60 198
60 149
60 151
60 154
227 228
228 239
68 228
12 228
198 228
149 228
151 228
154 228
148 152
152 154
149 152
152 153
13 152
16 152
139 152
152 220
101 152
148 154
148 149
148 153
13 148
16 148
139 148
148 220
101 148
153 154
13 154
16 154
139 154
154 220
101 154
149 153
13 149
16 149
139 149
149 220
101 149
13 153
16 153
139 153
153 220
101 153
13 16
13 139
13 220
13 101
16 139
16 220
16 101
76 146
78 146
18 146
146 188
146 186
36 146
146 173
146 176
139 146
16 146
146 198
146 201
146 200
146 199
63 146
62 146
76 188
76 186
36 76
76 173
76 176
16 76
14 76
12 76
76 198
76 201
76 200
76 199
63 76
62 76
18 78
78 188
78 186
36 78
78 173
78 176
78 139
16 78
14 78
12 78
78 198
78 201
78 200
78 199
63 78
62 78
18 188
18 186
18 36
18 173
18 176
16 18
14 18
12 18
18 198
18 201
18 200
18 199
18 63
18 62
173 188
176 188
139 188
16 188
14 188
12 188
188 198
188 201
188 200
188 199
63 188
62 188
173 186
16 186
14 186
186 198
186 201
186 200
186 199
63 186
62 186
36 173
16 36
14 36
36 198
36 201
36 200
36 199
36 63
36 62
139 173
16 173
14 173
12 173
173 198
173 201
173 200
173 199
63 173
62 173
16 176
14 176
176 198
176 201
176 200
176 199
63 176
62 176
14 139
139 198
139 201
139 200
139 199
63 139
62 139
14 16
12 16
16 198
16 201
16 200
16 199
16 63
16 62
14 198
14 201
14 200
14 199
14 63
14 62
12 201
12 200
12 199
12 63
12 62
198 201
198 200
198 199
63 198
62 198
200 201
199 201
63 201
62 201
199 200
63 200
62 200
63 199
62 199
62 63
12 141
12 175
14 141
14 175
16 141
16 175
141 175
141 176
141 173
36 141
141 186
141 188
18 141
78 141
76 141
141 146
175 176
173 175
36 175
175 186
175 188
18 175
78 175
76 175
146 175
14 153
12 153
153 239
13 14
12 13
13 239
14 239
12 108
108 239
108 227
16 108
16 239
141 239
140 239
111 239
16 140
16 111
140 141
111 141
108 141
111 143
111 142
142 143
141 143
16 143
143 239
141 142
16 142
142 239
141 144
16 144
144 239
141 174
16 174
174 239
17 220
131 220
221 222
17 221
131 221
101 222
17 222
131 222
17 193
17 131
17 223
131 223
139 196
17 139
131 139
176 196
17 176
131 176
38 196
17 38
38 131
17 196
131 146
21 131
20 131
131 194
131 219
131 177
126 146
21 126
20 126
126 194
126 219
126 177
146 194
146 219
21 219
20 219
194 196
196 219
177 196
194 219
194 239
219 239
177 239
251 252
20 252
146 252
76 252
233 252
232 252
146 251
76 251
233 251
232 251
20 76
20 233
20 232
146 233
146 232
76 233
20 243
23 243
76 243
77 243
233 243
232 243
167 243
166 243
25 243
53 243
210 243
161 243
243 279
243 269
243 268
20 23
20 77
20 167
20 166
20 25
20 53
20 210
20 161
20 279
20 269
20 268
23 76
23 77
23 233
23 232
23 167
23 166
23 25
23 53
23 210
23 161
23 279
23 269
23 268
76 167
76 166
25 76
53 76
76 161
76 279
76 269
77 233
77 232
77 167
77 166
25 77
53 77
77 210
77 161
77 279
77 269
77 268
167 233
166 233
25 233
53 233
210 233
161 233
233 279
233 269
233 268
166 232
161 232
232 279
232 269
232 268
166 167
161 167
167 279
167 269
167 268
25 166
53 166
166 210
161 166
166 279
166 269
166 268
25 279
25 269
25 268
53 279
53 269
53 268
210 279
210 269
161 279
161 269
269 279
268 279
268 269
146 210
21 210
210 241
210 240
210 242
210 251
213 233
146 213
21 213
213 241
213 240
213 242
213 251
26 233
26 76
26 146
21 26
26 241
26 240
26 242
26 251
27 233
27 146
21 27
27 241
27 240
27 242
27 251
21 232
232 241
232 240
232 242
21 233
233 241
233 240
233 242
21 76
76 241
76 240
76 242
146 241
146 240
146 242
21 241
21 240
21 242
21 251
21 243
146 243
126 243
128 243
32 243
30 243
243 264
243 262
20 128
20 32
20 30
20 264
20 262
21 128
21 32
21 30
21 264
21 262
128 146
32 146
30 146
146 264
146 262
32 126
32 128
97 257
196 257
23 257
146 257
97 247
101 247
196 247
23 247
146 247
97 249
101 249
196 249
23 249
146 249
97 196
23 97
97 146
111 176
38 111
111 196
23 111
111 146
23 176
23 38
38 146
125 131
32 131
53 131
131 166
25 131
26 131
27 131
24 131
131 213
125 132
125 128
32 125
53 125
125 166
25 125
26 125
27 125
24 125
125 213
32 132
53 132
132 166
25 132
26 132
27 132
24 132
132 213
53 128
128 166
25 128
26 128
27 128
24 128
128 213
32 53
32 166
25 32
26 32
27 32
24 32
32 213
26 166
27 166
24 166
166 213
25 26
24 25
72 97
72 139
72 176
72 173
72 187
70 97
70 176
70 173
70 185
70 187
25 70
27 70
70 213
70 210
97 173
97 187
25 97
101 173
101 187
139 185
139 187
25 139
176 185
176 187
25 176
173 185
173 187
25 173
27 173
173 213
173 210
25 187
187 210
25 186
77 146
146 168
146 165
76 168
76 165
77 168
77 165
27 77
26 77
77 213
168 233
165 233
210 235
213 235
27 235
186 235
76 218
218 232
27 218
213 218
210 218
27 220
213 220
210 220
221 250
101 250
76 250
232 250
27 250
213 250
210 250
27 257
213 257
210 257
112 168
112 165
27 112
112 213
112 210
112 268
112 262
109 165
27 109
109 213
109 210
109 268
109 262
168 268
168 262
165 268
165 262
27 268
27 262
213 268
213 262
210 262
111 235
27 111
111 213
111 212
111 210
212 235
28 51
28 50
28 48
28 49
28 54
28 95
28 96
28 226
28 230
28 231
28 225
28 60
28 57
28 55
46 51
46 50
46 48
46 49
46 54
46 95
46 96
46 226
46 230
46 231
46 225
46 60
46 57
46 55
40 51
40 50
40 48
40 49
40 54
40 95
40 96
40 226
40 230
40 231
40 225
40 60
40 57
40 55
51 96
51 226
51 230
51 231
51 225
51 60
51 57
51 55
50 96
50 226
50 230
50 231
50 225
50 60
50 57
50 55
48 95
48 96
48 226
48 230
48 231
48 225
48 60
48 57
48 55
49 96
49 226
49 230
49 231
49 225
49 60
49 57
49 55
54 96
54 226
54 230
54 231
54 225
54 60
54 57
54 55
95 226
95 230
95 231
95 225
60 95
57 95
55 95
96 226
96 230
96 231
96 225
60 96
57 96
55 96
226 230
226 231
225 226
60 226
57 226
55 226
230 231
225 230
60 230
57 230
55 230
225 231
60 231
57 231
55 231
60 225
57 225
55 225
57 60
55 60
55 57
85 262
30 85
79 239
33 239
29 239
31 239
79 101
33 101
29 101
31 101
79 126
79 128
33 79
29 79
31 79
33 126
29 126
31 126
33 128
29 128
31 128
29 33
31 33
29 31
139 157
157 176
157 173
157 186
157 232
157 233
157 164
32 157
30 157
157 264
157 262
139 164
32 139
30 139
139 264
139 262
164 176
32 176
30 176
176 264
176 262
173 232
173 233
164 173
32 173
30 173
173 264
173 262
164 186
32 186
30 186
186 264
186 262
32 232
30 232
232 264
232 262
32 233
30 233
233 264
233 262
32 164
30 164
164 264
164 262
126 278
32 76
76 271
76 162
32 85
85 264
85 271
85 162
32 271
32 162
32 220
30 220
220 264
220 262
220 275
220 272
220 277
32 221
30 221
221 264
221 262
221 275
221 272
221 277
101 275
101 272
101 277
32 196
196 275
196 272
196 277
76 275
76 272
76 277
30 275
30 277
126 220
126 221
126 275
126 272
126 277
30 131
131 264
131 262
131 214
125 214
132 214
128 214
32 214
131 212
131 210
125 212
125 210
132 212
132 210
128 212
128 210
32 212
32 210
53 212
98 233
100 233
102 233
233 249
233 248
233 255
233 254
98 232
100 232
102 232
232 249
232 248
232 255
232 254
98 186
100 186
102 186
186 249
186 248
186 255
186 254
36 98
36 100
36 102
36 249
36 248
36 255
36 254
38 98
38 100
38 102
38 249
38 248
38 255
38 254
98 101
100 101
101 102
101 248
101 255
101 254
97 98
98 100
98 102
98 249
98 248
98 255
98 254
97 100
97 102
97 248
97 255
97 254
100 102
100 249
100 248
100 255
100 254
102 249
102 248
102 255
102 254
248 249
249 255
249 254
248 255
248 254
254 255
233 247
233 257
232 247
186 247
186 257
36 247
36 257
38 247
38 257
177 221
38 177
178 221
101 178
38 178
217 221
101 217
38 217
38 221
36 221
221 233
78 131
18 131
131 188
131 186
36 131
78 126
18 126
126 188
126 186
36 126
37 239
190 239
37 139
139 190
37 137
137 190
37 190
233 234
232 234
234 235
173 234
176 234
233 236
232 236
235 236
173 236
176 236
188 233
188 232
188 235
36 235
173 235
176 235
217 227
220 227
137 227
36 227
186 227
227 235
227 232
227 233
217 239
137 217
217 235
137 220
220 235
36 137
137 186
137 235
137 232
137 233
36 185
185 186
39 41
39 47
39 45
39 40
54 239
49 239
91 239
95 239
86 239
93 239
52 239
180 239
51 239
86 93
86 237
52 86
86 180
51 86
52 93
93 180
51 93
52 237
180 237
51 237
52 180
51 52
48 53
48 91
48 239
49 53
53 54
53 91
50 239
49 227
54 227
91 227
95 227
49 237
49 238
49 71
49 74
49 72
49 70
49 98
49 188
49 235
49 234
49 236
54 237
54 238
54 71
54 74
54 72
54 70
54 98
54 188
54 235
54 234
54 236
91 237
91 238
71 91
74 91
72 91
70 91
91 98
91 188
91 235
91 234
91 236
53 237
71 237
74 237
72 237
70 237
98 237
101 237
139 237
188 237
235 237
234 237
236 237
53 238
53 71
53 74
53 72
53 70
53 98
53 101
53 188
53 235
53 234
53 236
74 238
98 238
101 238
139 238
188 238
235 238
234 238
236 238
71 74
71 98
71 101
71 139
71 188
71 235
71 234
71 236
72 74
70 74
74 98
74 101
74 139
74 188
74 235
74 234
74 236
72 188
72 235
72 234
72 236
70 188
70 235
70 234
70 236
98 139
98 188
98 235
98 234
98 236
101 188
101 235
101 234
101 236
139 235
139 234
139 236
53 162
161 162
119 239
58 239
56 239
58 119
56 119
56 58
56 59
55 56
56 228
56 208
58 59
55 58
58 228
58 208
55 59
59 228
59 208
59 239
55 228
55 208
55 239
208 228
208 239
55 227
55 207
57 228
57 227
57 207
57 239
60 207
207 228
207 227
207 239
228 231
227 231
207 231
231 239
225 228
225 227
207 225
225 239
69 239
66 239
61 239
62 65
62 239
63 65
63 239
65 239
199 202
67 202
202 239
67 199
199 239
67 239
197 239
65 67
67 197
65 197
65 199
197 199
64 239
64 67
64 197
64 199
64 202
197 202
73 102
72 102
74 102
71 102
102 237
102 239
72 73
73 74
71 73
73 237
73 239
74 239
72 227
70 227
71 227
227 238
73 238
102 238
70 73
70 102
97 239
98 239
75 97
75 100
70 100
100 239
70 75
75 239
2 184
101 184
184 193
2 101
2 193
239 279
85 279
85 268
186 218
218 239
218 235
221 235
76 235
76 178
76 94
76 95
76 96
94 221
95 221
96 221
94 96
126 271
126 162
130 131
79 131
126 130
79 130
101 130
130 220
130 239
79 220
126 232
131 232
126 233
131 233
189 196
82 146
82 232
77 82
82 233
97 131
102 131
131 253
131 259
131 258
131 245
131 244
97 126
102 126
126 253
126 259
126 258
126 245
126 244
76 102
76 253
76 259
76 258
76 245
76 244
101 253
101 259
101 258
101 245
101 244
97 253
97 259
97 258
97 245
97 244
102 253
102 259
102 258
102 245
102 244
77 111
76 111
85 111
111 126
77 235
85 235
126 235
77 85
77 126
124 239
76 124
83 124
82 124
85 124
124 134
124 133
124 129
86 94
89 209
89 206
89 239
96 209
96 206
96 239
206 209
209 239
206 239
90 96
87 96
92 96
87 90
90 209
90 92
90 239
87 209
87 92
87 239
92 209
92 239
89 94
112 173
112 176
101 112
97 112
112 247
112 257
112 253
112 259
112 258
109 173
109 176
101 109
97 109
109 247
109 257
109 253
109 259
109 258
110 173
110 176
101 110
97 110
110 247
110 257
110 253
110 259
110 258
187 247
187 257
187 253
187 259
187 258
173 247
173 257
173 253
173 259
173 258
176 247
176 257
176 253
176 259
176 258
255 256
254 256
256 257
247 256
101 256
176 256
185 256
187 256
112 256
109 256
163 256
255 257
247 255
176 255
185 255
187 255
112 255
109 255
163 255
254 257
247 254
176 254
185 254
187 254
112 254
109 254
163 254
185 257
163 257
185 247
163 247
101 163
163 176
112 185
109 185
163 185
163 187
112 163
116 117
117 123
117 239
116 123
116 239
123 239
115 116
115 117
122 239
122 123
116 122
117 122
113 116
113 239
113 115
113 123
117 121
114 117
121 122
114 122
114 121
121 239
114 239
114 115
115 121
115 122
126 279
101 162
101 271
126 236
131 236
196 222
262 263
263 264
131 263
111 220
173 220
111 186
111 188
111 232
111 233
146 218
151 152
152 239
148 151
148 239
149 150
150 198
150 239
152 203
152 201
152 198
151 203
201 203
198 203
203 239
151 201
201 239
166 235
166 186
166 239
274 277
268 277
210 277
166 277
235 277
186 277
272 274
268 272
210 272
166 272
235 272
186 272
268 274
210 274
166 274
235 274
186 274
239 274
186 268
167 168
168 235
178 227
221 227
101 227
223 227
193 227
178 239
178 223
178 193
240 243
179 243
101 243
239 243
179 240
101 179
179 239
246 256
179 246
101 246
239 246
179 256
239 256
189 194
194 222
189 222
191 195
191 215
191 216
191 220
191 239
195 215
195 216
195 220
195 239
215 216
215 220
215 239
216 220
216 239
205 239
204 205
204 239
226 229
226 227
207 226
226 239
229 230
227 230
207 230
230 239
229 231
227 229
207 229
229 239
239 254
239 255
180 182
39 180
180 183
260 277
261 277
260 275
260 261
260 262
261 275
261 262
263 277
260 263
263 275
261 263
265 275
262 265
271 275
265 271
265 272
162 273
271 273
272 273
262 273
265 268
267 278
268 278
262 267
267 268
264 265
268 271
271 274
273 274
268 273
268 276
268 275
275 276
162 270
270 273
270 271
107 239
7 107
245 257
2 239
136 186
135 136
136 218
11 218
27 136
27 135
136 232
135 232
135 186
135 176
135 239
135 218
235 262
76 177
27 177
88 101
88 220
88 95
88 96
27 88
27 95
27 96
88 232
76 88
88 221
88 136
88 186
136 220
136 221
88 177
2 257
2 250
2 76
2 232
168 257
2 40
2 218
46 218
2 46
101 135
135 221
43 72
72 183
176 221
193 246
193 256
179 193
246 257
245 246
246 259
112 234
175 239
175 234
112 233
112 175
175 233
168 175
168 234
175 187
110 175
50 220
50 221
49 221
54 221
91 221
8 221
51 220
20 221
21 221
135 139
44 55
44 57
44 60
44 225
44 231
44 230
44 226
44 96
44 95
44 54
44 49
44 48
44 50
44 51
40 44
28 44
110 185
185 253
185 259
47 188
47 235
47 236
47 234
45 188
45 235
45 236
45 234
40 188
40 235
40 236
40 234
4 97
4 191
4 38
4 36
4 186
4 188
4 235
4 233
4 236
4 234
1 188
1 235
1 236
1 234
97 188
97 235
97 236
97 234
188 191
191 235
191 236
191 234
38 188
38 235
38 236
38 234
139 163
99 163
98 163
70 163
72 163
74 163
1 163
109 139
99 109
98 109
70 109
72 109
74 109
1 109
112 139
99 112
98 112
70 112
72 112
74 112
1 112
99 187
98 187
74 187
1 187
99 185
98 185
74 185
99 139
99 101
98 99
70 99
72 99
74 99
1 99
1 74
126 183
131 183
126 189
131 189
131 182
27 238
213 238
210 238
71 210
27 71
54 189
49 189
48 189
50 189
51 189
180 189
181 189
177 210
8 210
95 210
54 210
139 221
221 268
139 268
17 128
98 128
17 76
76 98
17 98
1 17
17 182
17 40
98 196
102 257
16 68
68 146
68 76
68 78
18 68
68 188
68 186
36 68
62 158
62 220
62 221
62 101
158 199
199 220
199 221
101 199
158 200
200 220
200 221
101 200
158 201
201 220
201 221
101 201
158 198
198 220
198 221
101 198
63 101
63 220
63 158
146 152
21 152
152 241
152 240
152 242
152 251
146 149
21 149
149 241
149 240
149 242
149 251
146 153
21 153
153 241
153 240
153 242
153 251
13 146
13 21
13 241
13 240
13 242
13 251
16 21
16 241
16 240
16 242
16 251
21 139
139 241
139 240
139 242
139 251
21 220
220 241
220 240
220 242
220 251
154 251
154 242
154 240
154 241
21 154
146 154
167 211
211 232
25 171
53 171
171 210
171 211
161 171
171 187
168 171
27 171
26 171
24 171
171 213
171 214
112 140
112 174
112 141
16 112
112 144
111 112
16 104
104 239
14 104
160 239
159 239
157 239
158 160
158 159
157 158
159 160
157 160
157 159
148 198
149 203
154 203
148 203
68 201
68 203
68 152
81 253
81 259
81 245
81 244
189 253
189 259
189 245
189 244
193 253
193 259
193 245
193 244
77 244
77 245
77 259
77 253
4 168
4 27
4 213
4 210
32 182
168 221
31 125
29 125
33 125
125 126
79 125
101 125
125 239
49 86
86 91
54 86
114 116
114 123
68 199
125 278
220 278
7 278
30 125
7 30
76 125
125 220
7 125
7 126
266 267
96 227
89 227
89 226
91 226
91 96
89 91
54 89
49 89
193 217
217 223
4 257
7 137
7 36
7 186
7 233
65 68
63 68
58 118
56 118
118 119
118 239
