"Source" "Target"
1 3
1 127
1 207
2 123
2 143
2 207
3 120
3 206
3 207
4 27
5 7
5 17
5 18
5 20
5 21
5 25
5 27
5 30
5 32
5 80
5 59
5 85
5 97
6 18
6 27
6 85
6 89
6 93
6 97
6 98
7 21
7 80
7 109
7 18
7 213
7 105
7 108
7 85
7 8
7 15
7 17
7 25
7 62
7 59
7 86
7 88
7 94
7 97
7 114
7 115
7 134
7 129
7 146
7 147
7 148
7 149
7 193
7 207
7 209
7 26
7 27
7 31
7 67
7 71
7 91
7 93
7 98
7 104
7 111
7 112
7 113
7 116
7 117
7 132
7 137
7 151
7 152
7 155
7 159
7 162
7 163
7 164
7 168
7 170
7 172
7 173
7 174
7 176
7 178
7 182
8 85
8 12
8 14
8 15
8 17
8 18
8 21
8 57
8 62
8 71
8 59
8 88
8 93
8 94
8 97
8 98
8 132
8 134
8 136
8 137
8 182
8 209
9 10
9 12
9 13
9 14
9 16
9 41
9 73
9 85
8 10
10 12
10 14
10 16
10 62
10 67
10 85
10 98
11 12
11 13
11 16
11 21
11 25
11 60
11 64
11 67
11 71
11 73
11 80
11 94
11 98
11 136
11 137
12 13
12 16
12 17
12 41
12 57
12 62
12 65
12 85
12 98
13 18
13 21
13 67
13 71
13 85
13 132
13 136
13 25
13 39
13 41
13 64
13 73
13 75
13 80
13 98
13 134
13 137
14 62
14 67
14 85
15 85
12 15
15 17
15 18
15 21
15 25
15 57
15 62
15 71
15 74
15 88
15 92
15 93
15 94
15 97
15 98
6 15
15 132
15 134
15 135
15 136
15 137
15 29
16 57
16 85
17 21
17 18
17 19
17 20
17 25
17 26
17 27
17 30
17 31
17 32
17 33
17 34
17 41
17 47
17 56
17 59
17 62
17 71
17 75
17 80
17 82
17 83
17 84
17 85
17 86
17 87
17 88
17 89
17 90
17 91
17 92
17 93
17 94
17 96
17 97
17 98
6 17
17 136
17 137
17 184
17 182
17 189
17 199
17 209
17 100
17 102
18 21
18 25
18 26
18 27
18 30
18 32
18 59
18 82
18 85
18 86
18 87
18 88
18 91
18 93
18 94
18 97
18 98
18 136
18 182
18 185
11 18
18 19
18 20
18 29
18 31
18 33
18 34
18 40
18 47
18 51
18 55
18 62
18 67
18 71
18 73
18 80
18 81
18 83
18 84
18 89
18 90
18 92
18 96
18 99
18 102
18 105
18 108
18 109
18 115
18 131
18 132
18 133
18 134
18 135
18 137
18 138
18 140
18 146
18 147
18 148
18 150
18 151
18 155
18 170
18 179
18 180
18 184
18 186
18 188
18 189
18 190
18 193
18 198
18 199
18 200
18 203
18 206
18 209
18 95
18 100
18 22
18 183
18 66
19 20
19 21
19 25
19 27
19 30
19 31
19 32
19 33
19 34
19 85
19 86
19 88
19 98
19 184
19 182
20 21
20 25
20 26
20 27
20 30
20 31
20 32
20 33
20 34
20 80
20 82
20 84
20 59
20 85
20 86
20 87
20 88
20 89
20 90
20 91
20 93
20 94
20 97
20 98
20 147
20 148
20 184
20 182
20 193
20 189
20 199
20 206
20 209
21 25
21 31
21 59
21 84
21 85
21 92
21 94
21 98
21 24
21 22
21 23
21 26
21 27
21 32
21 62
21 71
21 80
21 83
21 88
21 97
21 103
21 137
21 139
21 186
21 189
21 30
21 33
21 66
21 82
21 86
21 87
21 90
21 91
21 93
21 101
21 105
21 108
21 109
21 132
21 164
21 182
21 34
21 89
21 96
21 100
6 21
21 184
22 23
22 25
18 23
23 25
23 26
21 29
21 40
21 102
21 115
21 163
21 172
21 176
21 178
21 185
21 198
21 209
21 35
21 47
21 60
21 67
21 73
21 79
21 117
21 131
21 133
21 134
21 135
21 136
21 138
21 147
21 148
21 149
21 150
21 151
21 179
21 180
21 188
21 190
21 192
21 193
21 199
21 203
21 206
24 26
21 99
25 26
25 27
25 29
25 30
25 31
25 32
25 33
25 35
25 47
25 59
25 62
25 71
25 73
25 75
25 78
25 80
25 82
25 83
25 84
25 85
25 86
25 87
25 88
25 89
25 90
25 91
25 92
25 93
25 94
25 96
25 97
25 98
6 25
25 105
25 109
25 111
25 115
25 132
25 133
25 134
25 135
25 137
25 140
25 146
25 147
25 148
25 150
25 151
25 153
25 157
25 159
25 173
25 174
25 179
25 183
25 184
25 182
25 185
25 189
25 193
25 199
25 203
25 206
25 209
25 34
26 31
26 34
26 59
26 85
26 94
26 27
26 29
26 30
26 32
26 33
26 62
26 80
26 84
26 86
26 87
26 88
26 90
26 92
26 93
26 96
26 97
26 98
26 99
26 103
26 137
27 30
27 32
27 59
27 28
27 33
27 85
27 87
27 88
27 92
27 94
27 97
27 98
27 29
27 31
27 34
27 62
27 71
27 80
27 82
27 84
27 86
27 89
27 90
27 91
27 93
27 95
27 96
27 137
27 139
27 147
27 182
27 199
27 206
27 209
28 30
29 32
29 59
29 62
29 84
29 85
29 86
29 88
29 92
29 93
29 94
29 97
29 98
30 31
30 32
30 33
30 34
30 59
30 80
30 85
30 88
30 90
30 83
30 84
30 86
30 87
30 92
30 93
30 94
30 97
30 98
6 30
30 184
30 182
30 199
30 96
31 32
31 59
31 88
31 97
31 85
31 92
31 93
31 182
31 86
31 91
31 184
31 33
31 34
31 80
31 82
31 83
31 84
31 87
31 89
31 90
31 94
31 96
31 98
6 31
31 137
31 181
31 183
31 185
31 209
32 33
32 84
32 59
32 85
32 88
32 98
32 133
32 140
32 87
32 92
32 100
32 34
32 62
32 67
32 80
32 83
32 86
32 90
32 91
32 93
32 94
32 95
32 97
6 32
32 137
32 182
32 199
32 209
33 34
33 59
33 80
33 83
33 85
33 86
33 87
33 88
33 90
33 91
33 92
33 93
33 97
33 98
33 180
33 183
33 184
33 182
33 185
33 188
34 83
34 59
34 85
34 86
34 88
34 90
34 91
34 93
34 98
34 184
34 182
34 185
35 36
35 40
35 47
35 50
35 55
35 137
35 53
36 53
36 73
37 67
37 85
37 48
38 41
9 39
39 62
39 67
40 45
40 46
40 51
40 73
40 85
40 137
40 189
39 41
41 48
41 67
41 73
41 85
41 98
42 67
42 73
43 73
43 44
44 45
45 46
45 85
46 73
46 85
46 199
47 50
47 55
47 56
47 67
47 59
47 85
47 94
47 137
47 151
47 209
9 48
12 48
48 67
48 85
48 98
47 49
49 94
50 67
50 73
50 94
51 73
51 137
52 67
52 85
52 98
53 55
53 67
53 73
54 67
53 54
54 73
56 73
56 85
56 98
42 56
57 62
57 67
57 73
57 85
58 64
59 85
59 88
59 93
59 97
59 62
59 90
59 94
60 61
60 85
11 61
62 85
62 63
9 62
56 62
62 71
62 80
62 88
62 94
62 97
62 98
62 132
62 136
62 137
62 151
62 182
30 62
65 85
25 66
66 94
16 67
56 67
67 69
67 70
67 71
67 73
67 75
67 77
67 76
67 78
67 79
67 85
67 88
67 91
67 98
67 131
67 132
67 135
67 136
67 137
67 138
67 189
67 193
67 199
67 209
68 73
68 75
68 79
69 70
69 73
70 73
70 85
70 98
70 137
71 132
71 135
71 137
71 74
71 86
71 98
71 134
71 72
71 73
71 76
71 77
71 80
71 83
59 71
71 85
71 87
71 88
71 91
71 93
71 97
71 131
71 136
71 138
71 140
71 182
71 189
71 199
71 202
71 209
72 132
12 73
17 73
44 73
73 75
73 77
73 76
73 78
73 79
73 85
73 97
73 98
73 132
73 137
73 148
73 189
73 199
73 209
74 132
74 98
75 78
75 79
75 98
75 137
76 132
75 77
76 77
77 79
77 137
76 98
76 131
76 134
76 137
71 78
78 79
78 137
78 138
18 78
25 79
71 79
79 98
79 137
59 80
80 85
80 88
80 97
80 104
80 105
80 106
80 107
80 108
80 109
80 110
80 111
80 112
80 113
80 114
80 116
80 117
80 118
80 137
80 147
80 148
80 150
80 151
80 152
80 153
80 155
80 159
80 161
80 169
80 170
80 172
80 173
80 174
80 178
80 94
80 163
80 209
80 91
80 176
80 189
80 193
67 80
80 93
80 98
80 132
80 182
80 134
80 135
80 146
80 162
80 164
80 168
80 184
80 120
80 126
80 129
80 149
80 207
80 154
80 156
80 160
80 167
80 171
80 86
21 81
81 86
81 88
81 89
81 93
81 98
82 182
82 83
59 82
82 85
82 86
82 88
82 90
82 91
82 93
82 96
82 97
82 98
6 82
83 98
83 85
83 86
83 87
83 88
83 91
83 92
83 93
83 96
83 97
83 99
6 83
83 131
83 134
83 136
83 137
83 184
83 182
83 185
59 84
84 85
84 86
84 88
84 93
84 97
84 182
84 90
84 95
84 98
84 100
59 182
59 98
58 59
59 86
59 87
59 91
59 92
59 96
59 134
59 137
59 139
59 150
59 151
59 155
59 184
59 185
59 206
11 59
13 59
39 59
59 105
59 106
59 109
59 111
59 112
59 115
59 132
59 148
59 152
59 153
59 156
59 159
59 160
59 161
59 199
59 209
59 103
85 86
85 88
85 94
85 97
85 92
85 98
85 90
85 93
85 137
85 91
85 182
85 96
85 184
85 185
61 85
66 85
85 87
85 89
85 102
85 105
85 109
85 111
85 115
85 131
85 132
85 134
85 136
85 138
85 139
85 146
85 147
85 148
85 150
85 151
85 152
85 155
85 159
85 161
85 180
85 181
85 183
85 188
85 189
85 190
85 193
85 199
85 200
85 203
85 206
85 209
85 114
85 133
85 158
85 166
85 167
86 87
86 88
86 90
86 91
86 92
86 93
86 96
86 97
86 98
86 99
6 86
86 134
86 136
86 137
86 183
86 184
86 182
87 88
87 90
87 91
87 92
87 93
87 94
87 96
87 97
87 98
6 87
87 180
87 184
87 185
87 182
88 90
88 96
88 97
88 92
88 93
88 182
40 88
88 91
88 94
88 98
88 99
6 88
88 109
88 115
88 132
88 133
88 136
88 137
88 138
88 147
88 151
88 180
88 184
88 185
88 193
88 199
88 206
88 209
13 88
88 102
88 134
88 135
88 148
88 150
88 181
88 183
88 188
88 190
88 189
89 90
89 93
89 95
89 97
89 98
89 100
89 102
89 182
90 91
90 92
90 93
90 94
90 96
90 97
90 98
6 90
90 103
90 137
90 148
90 179
90 180
90 181
90 184
90 182
90 185
90 188
91 93
91 96
91 97
91 98
6 91
91 134
91 148
91 183
91 184
91 182
91 185
91 188
91 189
91 193
91 199
91 209
92 93
92 97
92 98
92 182
93 97
93 98
93 94
93 95
93 96
93 99
93 100
93 102
93 103
93 133
93 134
93 137
93 140
93 146
93 147
93 179
93 180
93 181
93 183
93 184
93 182
93 185
93 189
93 199
93 209
94 97
94 151
57 94
94 96
94 98
94 99
94 137
94 161
94 184
94 182
95 98
6 95
96 97
96 98
96 99
6 96
96 134
96 136
96 137
96 182
23 97
97 98
97 132
97 134
97 136
97 137
97 184
97 182
97 185
97 209
97 100
97 102
97 105
97 115
97 138
97 147
97 148
97 151
97 189
97 193
97 199
97 206
98 133
98 140
98 180
98 182
14 98
78 98
98 99
98 100
98 102
98 130
98 131
98 132
98 134
98 135
98 136
98 137
98 138
98 139
98 147
98 148
98 151
98 179
98 183
98 184
98 185
98 186
98 188
98 189
98 193
98 196
98 198
98 199
98 203
98 206
98 209
33 99
99 184
99 182
6 100
100 137
6 84
6 102
6 137
6 182
102 182
104 105
104 108
104 114
104 117
104 170
105 114
105 111
105 150
105 152
105 155
105 159
105 170
105 182
105 108
105 112
105 115
105 151
105 167
105 174
106 107
106 109
106 110
106 111
106 112
106 113
106 155
107 109
107 111
107 112
107 113
108 111
108 116
108 162
108 163
108 176
25 108
109 111
109 112
109 113
109 115
109 150
109 151
109 152
109 153
109 155
109 159
109 161
109 147
109 209
109 118
110 111
110 112
110 113
111 112
111 113
111 114
111 115
111 117
111 150
111 151
111 152
111 153
111 154
111 155
111 156
111 159
111 160
111 161
111 170
111 173
111 174
112 113
112 155
112 159
59 113
113 118
113 153
113 155
113 159
114 167
115 117
115 150
115 153
115 155
115 159
115 161
115 182
116 117
119 129
119 207
120 121
120 123
120 125
120 127
120 129
120 193
120 207
121 129
121 207
120 122
123 143
125 129
126 129
127 128
127 129
127 207
128 129
128 147
128 207
129 147
129 148
129 152
129 193
129 199
129 203
129 206
129 207
129 209
130 133
130 135
130 137
130 139
130 189
131 132
131 133
131 134
131 135
131 136
131 137
131 138
131 139
131 140
131 149
131 189
131 190
131 199
132 137
132 133
132 134
132 135
132 136
132 138
132 139
132 149
132 189
132 190
132 192
132 202
132 203
132 206
132 209
132 148
132 193
133 135
133 137
133 136
133 138
133 139
133 140
133 180
133 181
133 182
133 189
133 199
133 203
133 209
133 187
134 135
134 136
134 137
134 138
134 140
134 184
134 182
134 189
134 199
135 136
135 137
135 138
135 139
135 189
135 190
135 192
135 199
135 203
136 137
136 138
136 140
136 182
137 138
137 139
137 147
137 148
137 149
137 185
137 182
137 189
137 190
137 193
137 196
137 198
137 199
137 200
137 202
137 203
137 206
137 207
137 209
69 137
137 140
137 146
137 151
137 180
137 181
137 183
137 184
137 186
137 188
137 192
137 204
137 179
138 139
138 189
138 190
138 192
138 196
138 198
138 199
138 203
7 139
139 190
139 199
139 203
88 139
139 209
141 142
141 147
141 148
141 209
80 142
142 144
142 145
142 146
142 147
142 148
142 149
143 144
145 147
145 148
146 147
146 148
146 193
146 195
146 199
146 200
146 206
146 209
146 149
146 191
146 189
146 201
146 202
146 203
146 207
3 147
147 148
147 149
147 182
147 189
147 190
147 193
147 195
147 199
147 200
147 201
147 202
147 203
147 206
147 207
147 209
147 211
148 193
148 209
148 149
148 182
148 191
148 195
148 199
148 200
148 203
93 148
120 148
148 179
148 189
148 190
148 194
148 196
148 201
148 202
148 206
148 207
148 211
149 193
149 206
3 149
149 191
149 195
149 199
149 200
149 202
149 204
149 203
149 207
149 209
150 151
150 152
150 154
150 160
150 159
150 155
150 156
150 161
151 157
151 160
151 152
151 155
151 159
151 153
151 154
151 156
151 161
152 153
152 154
152 155
152 159
152 160
153 155
153 159
153 161
154 156
154 159
154 160
155 156
155 159
155 161
155 170
155 173
155 174
156 159
157 176
158 166
159 160
159 161
161 173
161 174
161 176
152 161
162 176
105 163
163 164
163 165
85 163
163 167
163 170
163 171
163 172
163 174
163 176
18 164
164 165
164 166
164 168
164 172
164 176
165 169
165 170
80 166
105 166
115 166
166 167
166 172
85 170
85 174
167 170
167 174
168 176
169 170
169 171
169 174
169 177
170 171
170 174
170 175
170 177
117 171
171 174
172 176
173 174
157 174
174 176
174 177
169 175
111 176
165 177
179 180
179 183
179 184
179 182
179 187
179 188
179 193
179 189
179 199
179 209
179 185
180 183
180 184
180 182
180 185
180 186
180 188
180 209
86 181
181 184
181 182
181 185
182 209
183 184
183 185
182 183
183 209
182 193
182 199
182 184
184 185
184 188
184 199
182 185
182 187
182 188
133 185
136 185
185 186
182 186
186 189
18 187
98 187
147 188
148 188
188 189
188 199
188 203
188 206
188 209
15 182
182 190
182 200
182 206
182 189
182 198
182 211
189 203
189 206
189 190
189 193
189 196
189 199
189 209
190 198
190 199
190 202
190 203
190 206
190 209
191 193
191 194
191 199
191 200
191 201
191 203
191 206
191 209
189 192
189 197
189 201
192 199
192 203
3 193
142 193
193 196
193 198
193 199
193 200
193 201
193 202
193 203
193 204
193 206
193 207
193 209
193 211
189 207
194 199
194 200
194 209
194 203
194 206
195 199
195 200
195 203
195 206
195 209
196 197
196 199
196 203
196 206
196 209
189 198
88 198
198 199
198 203
198 206
198 209
199 200
199 201
199 202
199 203
199 206
199 209
199 204
199 207
199 211
200 206
200 209
200 201
200 203
179 200
200 202
200 207
201 209
201 203
201 206
202 203
202 206
202 205
202 207
202 209
202 204
203 206
203 204
203 207
203 209
204 206
204 207
179 203
205 207
206 207
206 209
125 207
207 209
207 208
209 210
209 211
40 209
204 209
1 120
9 37
10 11
10 15
10 17
10 57
11 62
11 88
13 76
13 48
13 62
15 59
13 16
16 17
9 17
17 60
17 103
18 161
18 174
19 84
19 59
20 185
22 85
25 53
25 100
26 82
29 82
32 185
37 41
37 56
37 62
37 73
37 75
39 48
40 182
40 193
40 203
16 41
41 52
41 62
43 46
44 46
47 62
47 73
48 75
50 78
48 56
9 57
58 62
59 63
59 212
17 61
61 62
48 62
62 65
62 66
66 80
9 67
72 77
72 76
74 134
52 76
17 79
72 79
80 139
85 99
38 85
88 103
88 100
88 161
91 180
105 161
107 116
108 117
108 164
113 115
115 116
120 124
124 128
80 125
126 128
126 147
120 128
130 180
132 204
133 179
92 137
137 187
87 137
139 189
30 139
80 218
80 143
145 149
151 164
152 156
152 207
150 153
157 173
164 174
165 167
168 172
165 172
172 174
174 175
182 210
187 189
187 209
51 182
45 189
207 214
208 219
4 5
7 166
7 167
9 64
152 215
30 82
38 62
43 78
37 47
51 190
53 78
60 62
62 216
66 216
16 62
29 66
82 137
85 103
88 105
30 103
108 174
114 174
80 119
129 217
135 140
136 181
145 146
157 162
18 163
186 209
205 206
129 214
9 11
17 68
34 183
40 207
47 53
119 126
52 132
151 158
163 175
3 202
10 64
13 14
47 115
62 64
64 137
107 118
99 137
165 174
18 176
57 64
64 88
126 152
80 123
161 168
