"Source" "Target" "Weight"
1 239 821
239 257 982
1 257 326
247 257 996
1 247 262
239 247 622
239 250 29
1 250 37
250 257 58
247 250 29
40 47 312
1 47 153
47 221 18
47 101 117
47 76 18
47 232 58
27 47 54
47 213 52
47 210 54
1 40 255
40 221 42
40 101 222
40 76 51
40 232 82
27 40 78
40 213 76
40 210 78
1 221 68
1 101 432
1 76 180
1 232 107
1 27 113
1 213 106
1 210 113
101 221 823
76 221 229
221 232 197
27 221 100
213 221 100
210 221 106
76 101 593
101 232 397
27 101 232
101 213 210
101 210 231
76 232 479
27 76 207
76 213 168
76 210 263
27 232 241
213 232 222
210 232 328
27 213 573
27 210 487
210 213 469
101 257 465
76 257 32
232 257 103
40 186 82
1 186 89
186 221 125
101 186 394
186 232 764
27 186 108
186 213 107
186 210 200
1 220 35
1 218 41
101 220 891
101 218 47
220 221 645
218 221 52
218 220 75
220 257 4
221 257 26
40 46 163
46 182 110
1 46 117
46 101 120
46 196 31
46 76 59
46 82 31
46 126 24
46 128 24
30 46 48
46 264 48
46 262 48
46 268 48
40 182 168
40 196 33
40 82 31
40 126 38
40 128 26
30 40 48
40 264 48
40 262 55
40 268 62
1 182 182
101 182 147
182 196 35
76 182 73
82 182 31
126 182 38
128 182 26
30 182 24
182 264 24
182 262 31
182 268 38
1 196 94
1 82 71
1 126 98
1 128 26
1 30 48
1 264 48
1 262 55
1 268 62
101 196 457
82 101 107
101 126 277
101 128 89
30 101 167
101 264 139
101 262 191
101 268 130
76 196 265
82 196 71
126 196 114
128 196 26
30 196 71
196 264 71
196 262 85
196 268 38
76 82 343
76 126 273
76 128 34
30 76 153
76 264 96
76 262 165
76 268 109
82 126 64
82 128 24
30 82 24
82 264 24
82 262 24
82 268 24
126 128 109
30 126 108
126 264 79
126 262 146
126 268 52
30 128 46
128 264 46
128 262 46
128 268 32
30 264 253
30 262 281
30 268 102
262 264 285
264 268 111
262 268 1314
155 158 19
158 177 21
158 238 19
158 237 19
3 158 19
1 158 19
155 177 26
155 238 26
155 237 26
3 155 19
1 155 26
177 238 28
177 237 30
3 177 21
1 177 28
237 238 192
3 238 142
1 238 26
3 237 348
1 237 54
1 3 39
227 239 1923
1 227 180
227 247 211
227 257 215
227 253 232
227 259 254
227 258 211
239 253 490
239 259 522
239 258 454
1 253 249
1 259 266
1 258 205
247 253 501
247 259 501
247 258 511
253 257 579
257 259 591
257 258 579
253 259 783
253 258 591
258 259 606
249 258 275
8 258 211
249 259 338
8 259 211
249 253 324
8 253 211
249 257 378
8 257 187
247 249 297
8 247 187
1 249 66
8 249 74
239 249 420
227 249 251
1 8 263
8 239 474
8 227 135
77 81 86
76 81 109
81 189 55
81 193 55
81 101 55
81 97 28
1 81 28
81 183 28
81 182 28
46 81 28
76 77 412
77 189 46
77 193 46
77 101 46
77 97 28
1 77 28
77 183 28
77 182 28
46 77 28
76 189 230
76 193 242
76 97 61
76 183 47
189 193 220
101 189 241
97 189 28
1 189 69
183 189 47
182 189 38
46 189 28
101 193 574
97 193 28
1 193 127
183 193 47
182 193 58
46 193 52
97 101 607
101 183 72
1 97 151
97 183 28
97 182 57
46 97 46
1 183 94
182 183 190
46 183 40
89 96 576
95 96 368
93 96 22
96 237 22
3 96 14
1 96 22
89 95 283
89 93 22
89 237 22
3 89 14
1 89 22
93 95 22
95 237 22
3 95 14
1 95 22
93 237 68
3 93 14
1 93 22
4 183 64
183 239 128
1 4 75
4 239 77
45 47 299
47 97 94
47 191 58
38 47 58
36 47 58
47 186 58
47 233 58
40 45 297
1 45 127
45 97 94
45 101 94
45 191 58
38 45 58
36 45 58
45 186 58
45 232 40
45 233 58
40 97 94
40 191 58
38 40 58
36 40 58
40 233 58
1 191 58
1 38 58
1 36 58
1 233 58
97 191 58
38 97 185
36 97 185
97 186 185
97 232 145
97 233 185
101 191 83
38 101 265
36 101 275
101 233 334
38 191 83
36 191 83
186 191 83
191 232 58
191 233 83
36 38 265
38 186 267
38 232 192
38 233 276
36 186 893
36 232 475
36 233 588
186 233 762
232 233 890
1 184 10
184 247 10
184 257 10
184 258 10
42 43 78
39 42 77
42 182 77
42 183 67
4 42 20
1 42 26
42 70 26
42 101 26
42 139 26
42 174 26
42 140 26
42 144 26
42 111 26
39 43 114
43 182 112
43 183 93
4 43 20
1 43 26
43 70 27
43 101 27
43 139 26
43 174 26
43 140 26
43 144 26
43 111 26
39 182 124
39 183 103
4 39 20
1 39 26
39 70 26
39 101 26
39 139 26
39 174 26
39 140 26
39 144 26
39 111 26
4 182 54
70 182 60
139 182 57
174 182 26
140 182 26
144 182 26
111 182 26
70 183 25
139 183 24
174 183 24
140 183 24
144 183 24
111 183 24
4 70 20
4 101 49
4 139 20
4 174 20
4 140 20
4 144 20
4 111 20
1 70 81
1 139 67
1 174 26
1 140 26
1 144 26
1 111 26
70 101 147
70 139 133
70 174 26
70 140 26
70 144 26
70 111 26
101 139 272
101 174 26
101 140 26
101 144 26
101 111 32
139 174 26
139 140 26
139 144 26
111 139 32
140 174 52
144 174 43
111 174 26
140 144 45
111 140 40
111 144 26
46 72 16
46 185 16
25 46 16
27 46 16
46 213 16
46 212 16
46 210 16
1 72 72
1 185 50
1 25 21
1 212 16
72 101 156
72 185 72
25 72 79
27 72 95
72 213 83
72 212 16
72 210 95
101 185 172
25 101 79
101 212 16
25 185 97
27 185 194
185 213 200
185 212 16
185 210 147
25 27 101
25 213 116
25 212 16
25 210 281
27 212 24
212 213 34
210 212 34
70 72 442
28 46 150
28 182 63
1 28 31
28 97 29
28 101 31
28 139 31
28 136 18
28 176 18
46 139 18
46 136 18
46 176 18
136 182 18
176 182 18
1 136 18
1 176 18
97 139 69
97 136 18
97 176 175
101 136 23
101 176 281
136 139 156
139 176 536
136 176 24
47 185 27
47 168 36
45 185 27
45 168 36
27 45 36
45 213 34
45 210 36
40 185 27
40 168 36
1 168 36
97 185 74
97 168 36
27 97 76
97 213 74
97 210 76
101 168 51
168 185 95
27 168 204
168 213 195
168 210 124
32 46 24
40 193 44
32 40 38
1 32 38
32 101 149
32 193 38
30 193 24
193 264 24
193 262 31
193 268 38
30 32 193
32 264 205
32 262 251
32 268 109
49 54 786
48 54 142
50 54 178
51 54 163
54 180 59
54 181 58
1 54 59
54 193 39
54 196 59
54 76 59
54 83 59
54 82 40
54 85 40
54 126 50
54 131 59
48 49 138
49 50 182
49 51 172
49 180 59
49 181 58
1 49 59
49 193 39
49 196 59
49 76 59
49 83 59
49 82 40
49 85 40
49 126 50
49 131 59
48 50 121
48 51 121
48 180 59
48 181 58
1 48 59
48 193 39
48 196 59
48 76 59
48 83 59
48 82 40
48 85 40
48 126 50
48 131 59
50 51 173
50 180 59
50 181 58
1 50 59
50 193 39
50 196 59
50 76 59
50 83 59
50 82 40
50 85 40
50 126 50
50 131 59
51 180 84
51 181 58
1 51 59
51 193 39
51 196 59
51 76 59
51 83 59
51 82 40
51 85 40
51 126 50
51 131 59
180 181 58
1 180 59
180 193 39
180 196 59
76 180 59
83 180 59
82 180 40
85 180 40
126 180 50
131 180 59
1 181 58
181 193 38
181 196 58
76 181 58
83 181 58
82 181 40
85 181 40
126 181 49
131 181 58
1 83 59
1 85 40
1 131 81
193 196 97
83 193 61
82 193 76
85 193 76
126 193 54
131 193 93
83 196 89
85 196 40
131 196 103
76 83 190
76 85 188
76 131 164
82 83 64
83 85 64
83 126 50
83 131 59
82 85 127
82 131 40
85 126 73
85 131 40
126 131 247
101 131 219
85 101 76
83 101 91
101 181 38
101 180 39
51 101 67
50 101 73
48 101 39
49 101 124
54 101 181
47 182 75
47 72 33
47 70 33
47 98 33
47 219 33
47 217 33
47 220 23
47 218 33
45 182 75
45 72 33
45 70 33
45 98 33
45 219 33
45 217 33
45 220 23
45 218 33
40 72 33
40 70 33
40 98 35
40 219 33
40 217 33
40 220 23
40 218 34
72 182 34
98 182 35
182 219 33
182 217 33
182 220 23
182 218 33
1 98 44
1 219 33
1 217 33
72 98 75
72 219 33
72 217 33
72 220 23
72 218 33
70 98 87
70 219 33
70 217 33
70 220 23
70 218 33
98 219 33
98 217 33
98 220 23
98 218 33
217 219 78
219 220 67
218 219 33
217 220 357
217 218 33
28 41 43
28 47 27
28 45 26
28 40 116
4 28 42
3 28 21
28 237 23
8 28 43
28 239 106
41 46 37
46 47 25
45 46 21
4 46 33
3 46 19
46 237 21
8 46 43
46 239 93
41 47 150
41 45 142
40 41 132
4 41 23
3 41 21
41 237 23
8 41 33
41 239 103
4 47 50
3 47 21
47 237 23
8 47 33
47 239 107
4 45 51
3 45 21
45 237 23
8 45 33
45 239 107
4 40 75
3 40 21
40 237 23
8 40 33
40 239 182
3 4 21
4 237 27
4 8 19
3 8 74
3 239 230
8 237 89
237 239 335
182 239 143
8 182 23
182 237 12
3 182 10
41 182 42
238 239 327
8 238 58
3 181 28
8 181 26
181 239 30
28 183 20
40 183 41
66 69 56
61 69 49
67 69 36
69 105 36
12 69 36
15 69 36
14 69 36
5 69 36
11 69 36
69 158 36
69 156 36
69 220 36
69 221 36
69 101 36
69 192 36
69 196 36
23 69 36
69 146 36
61 66 49
66 67 36
66 105 36
12 66 36
15 66 36
14 66 36
5 66 36
11 66 36
66 158 36
66 156 36
66 220 36
66 221 36
66 101 36
66 192 36
66 196 36
23 66 36
66 146 36
61 67 36
61 105 36
12 61 36
15 61 36
14 61 36
5 61 36
11 61 36
61 158 36
61 156 36
61 220 36
61 221 36
61 101 36
61 192 36
61 196 36
23 61 36
61 146 36
67 105 36
12 67 36
15 67 36
14 67 36
5 67 36
11 67 36
67 158 36
67 156 36
67 220 36
67 221 36
67 101 36
67 192 36
67 196 36
23 67 36
67 146 36
12 105 36
15 105 36
14 105 36
5 105 36
11 105 178
105 158 36
105 156 36
105 220 206
105 221 166
101 105 206
105 192 36
105 196 36
23 105 36
105 146 36
12 15 221
12 14 133
5 12 107
11 12 107
12 158 114
12 156 70
12 220 85
12 221 75
12 101 80
12 192 36
12 196 63
12 23 36
12 146 123
14 15 73
5 15 73
11 15 73
15 158 73
15 156 36
15 220 73
15 221 73
15 101 73
15 192 36
15 196 63
15 23 36
15 146 63
5 14 73
11 14 73
14 158 73
14 156 36
14 220 73
14 221 73
14 101 73
14 192 36
14 196 63
14 23 36
14 146 114
5 11 107
5 158 107
5 156 70
5 220 73
5 221 73
5 101 73
5 192 36
5 196 63
5 23 36
5 146 63
11 158 354
11 156 70
11 220 219
11 221 219
11 101 287
11 192 36
11 196 127
11 23 61
11 146 136
156 158 70
158 220 80
158 221 75
101 158 80
158 192 36
158 196 63
23 158 36
146 158 63
156 220 36
156 221 36
101 156 36
156 192 36
156 196 36
23 156 36
146 156 36
192 220 36
196 220 117
23 220 36
146 220 104
192 221 36
196 221 119
23 221 36
146 221 85
101 192 36
23 101 156
101 146 304
192 196 36
23 192 36
146 192 36
23 196 186
146 196 281
23 146 217
53 210 237
24 210 34
26 210 104
165 210 74
36 210 38
176 210 95
139 210 119
138 210 34
156 210 34
158 210 34
11 210 122
5 210 34
12 210 34
53 213 162
24 213 121
26 213 231
165 213 119
36 213 34
176 213 83
139 213 106
138 213 34
156 213 34
158 213 34
11 213 142
5 213 34
12 213 34
24 53 134
26 53 131
27 53 132
53 165 70
53 168 64
53 232 138
53 186 52
36 53 34
53 176 46
53 139 67
53 138 34
53 156 34
53 158 34
11 53 152
5 53 34
12 53 34
24 26 131
24 27 132
24 165 70
24 168 64
24 232 34
24 186 34
24 36 34
24 176 34
24 139 34
24 138 34
24 156 34
24 158 34
11 24 88
5 24 34
12 24 34
26 27 243
26 165 94
26 168 129
26 232 104
26 186 34
26 36 34
26 176 34
26 139 34
26 138 34
26 156 34
26 158 34
11 26 130
5 26 34
12 26 34
27 165 119
27 36 34
27 176 84
27 139 113
27 138 34
27 156 34
27 158 34
11 27 130
5 27 34
12 27 34
165 168 74
165 232 58
165 186 34
36 165 34
165 176 34
139 165 34
138 165 34
156 165 34
158 165 34
11 165 70
5 165 34
12 165 34
168 232 77
168 186 50
36 168 34
168 176 34
139 168 48
138 168 34
156 168 34
158 168 34
11 168 112
5 168 34
12 168 34
176 232 213
139 232 172
138 232 34
156 232 34
158 232 34
11 232 120
5 232 34
12 232 34
176 186 264
139 186 326
138 186 34
156 186 34
158 186 34
11 186 88
5 186 34
12 186 95
36 176 179
36 139 218
36 138 34
36 156 34
36 158 34
11 36 88
5 36 34
12 36 90
138 176 34
156 176 34
158 176 34
11 176 231
5 176 34
12 176 85
138 139 34
139 156 34
139 158 52
11 139 279
5 139 34
12 139 77
138 156 34
138 158 34
11 138 34
5 138 34
12 138 34
127 147 52
146 147 59
22 147 27
147 196 27
101 147 45
147 221 27
147 220 27
147 158 27
11 147 42
5 147 27
14 147 27
15 147 27
12 147 27
127 146 50
22 127 27
127 196 27
101 127 36
127 221 27
127 220 27
127 158 27
11 127 42
5 127 27
14 127 27
15 127 27
12 127 27
22 146 47
22 196 47
22 101 27
22 221 27
22 220 27
22 158 27
11 22 47
5 22 27
14 22 27
15 22 27
12 22 27
272 277 387
275 277 132
262 277 144
264 277 69
277 278 33
32 277 80
19 277 22
11 277 22
6 277 22
239 277 58
272 275 404
262 272 793
264 272 78
272 278 33
32 272 91
19 272 31
11 272 31
6 272 22
239 272 113
262 275 462
264 275 69
275 278 33
32 275 80
19 275 22
11 275 22
6 275 22
239 275 22
262 278 69
19 262 57
11 262 43
6 262 22
239 262 128
264 278 22
19 264 57
11 264 43
6 264 22
239 264 63
32 278 33
19 278 22
11 278 36
6 278 22
239 278 38
19 32 22
11 32 22
6 32 22
32 239 28
11 19 43
6 19 22
19 239 57
6 11 22
11 239 1118
6 239 22
7 139 199
9 139 20
139 239 534
7 9 8
7 239 848
9 239 42
115 120 26
120 239 34
7 120 34
120 139 26
120 224 18
120 222 18
120 193 18
115 239 128
7 115 26
115 139 22
115 224 14
115 222 14
115 193 14
224 239 27
222 239 56
193 239 264
7 224 18
7 222 18
7 193 56
139 224 18
139 222 18
139 193 14
222 224 26
193 224 32
193 222 69
120 220 13
115 220 9
220 239 547
7 220 275
220 224 22
220 222 34
193 220 159
139 220 160
106 239 284
103 239 120
15 239 148
12 239 650
7 106 384
103 106 97
15 106 97
12 106 97
7 103 355
7 15 120
7 12 120
15 103 120
12 103 120
12 227 206
15 227 5
103 227 5
7 227 177
106 227 137
158 239 305
11 106 187
106 158 187
7 11 380
7 158 237
11 227 247
158 227 151
235 239 348
161 239 90
239 268 103
7 235 12
7 161 12
7 268 12
11 235 31
11 161 74
11 268 36
161 235 12
235 268 64
161 268 109
68 105 269
68 104 236
68 103 233
7 68 451
11 68 142
68 139 127
68 176 92
104 105 187
103 105 186
7 105 265
105 139 92
105 176 92
103 104 233
7 104 236
11 104 142
104 139 12
104 176 12
11 103 142
103 139 12
103 176 12
7 176 109
68 220 225
68 221 180
68 101 222
104 220 215
104 221 175
101 104 215
103 220 216
103 221 175
101 103 216
7 221 214
7 101 270
129 133 67
129 134 113
85 129 111
82 129 87
76 129 104
83 129 24
129 189 56
129 193 56
129 223 36
101 129 56
129 221 36
129 220 36
11 129 31
7 129 36
129 239 64
133 134 67
85 133 67
82 133 67
76 133 67
83 133 24
133 189 36
133 193 36
133 223 16
101 133 36
133 221 16
133 220 16
11 133 31
7 133 16
133 239 47
85 134 113
82 134 87
76 134 106
83 134 24
134 189 56
134 193 56
134 223 36
101 134 56
134 221 36
134 220 36
11 134 31
7 134 36
134 239 64
85 189 56
85 223 36
85 221 36
85 220 36
11 85 31
7 85 36
85 239 101
82 189 56
82 223 36
82 221 36
82 220 36
11 82 31
7 82 36
82 239 58
76 223 36
76 220 181
11 76 97
7 76 38
76 239 361
83 189 41
83 223 16
83 221 16
83 220 16
11 83 58
7 83 16
83 239 78
189 223 36
189 221 36
189 220 36
11 189 16
7 189 36
189 239 36
193 223 210
193 221 171
11 193 16
101 223 207
221 223 133
220 223 76
11 223 16
7 223 36
223 239 160
101 239 754
221 239 293
139 227 161
176 227 141
38 227 91
176 239 276
38 239 261
7 38 11
11 38 144
38 139 326
38 176 111
239 252 10
7 252 10
11 252 10
101 252 10
10 177 149
106 177 100
7 177 136
108 177 114
68 177 132
10 106 100
7 10 138
10 108 115
10 68 134
106 108 100
68 106 100
7 108 115
68 108 272
70 94 26
8 70 52
70 239 270
72 94 33
8 72 52
72 239 268
8 94 114
94 239 299
181 237 36
41 183 19
47 183 19
45 183 19
8 183 13
71 72 254
72 238 185
70 71 227
70 238 185
71 238 215
8 71 26
71 239 224
21 146 187
20 146 109
146 177 43
8 146 20
95 146 20
91 146 20
54 146 20
49 146 20
51 146 20
50 146 20
20 21 98
21 101 113
21 177 73
8 21 50
21 95 50
21 91 20
21 54 20
21 49 20
21 51 20
21 50 20
20 101 102
20 177 74
8 20 50
20 95 50
20 91 20
20 54 20
20 49 20
20 51 20
20 50 20
101 177 197
8 101 143
95 101 178
91 101 127
8 177 220
95 177 186
91 177 140
54 177 155
49 177 94
51 177 28
50 177 39
8 95 184
8 91 138
8 54 153
8 49 94
8 51 28
8 50 39
91 95 280
54 95 371
49 95 282
51 95 90
50 95 101
54 91 674
49 91 544
51 91 33
50 91 46
239 245 76
239 244 51
8 245 24
8 244 24
245 249 57
244 249 45
245 253 131
244 253 104
245 259 153
244 259 105
245 258 107
244 258 78
244 245 118
39 239 87
43 239 61
42 239 41
8 39 8
8 43 8
8 42 8
54 94 117
54 219 49
32 54 47
30 54 46
54 264 44
54 262 47
54 268 45
91 94 108
91 219 40
32 91 40
30 91 40
91 264 38
91 262 35
91 268 38
94 95 394
95 219 49
32 95 47
30 95 46
95 264 44
95 262 46
95 268 44
94 177 88
94 219 49
94 101 84
32 94 47
30 94 46
94 264 44
94 262 41
94 268 44
8 219 49
8 32 47
8 30 46
8 264 44
8 262 47
8 268 45
177 219 69
32 177 47
30 177 46
177 264 44
177 262 47
177 268 45
101 219 69
32 219 47
30 219 46
219 264 44
219 262 41
219 268 44
176 233 156
139 233 208
220 233 285
217 233 251
178 233 114
177 233 96
8 233 72
86 233 33
89 233 33
96 233 54
220 232 349
217 232 241
178 232 121
177 232 88
8 232 72
86 232 33
89 232 33
96 232 69
186 220 325
186 217 251
178 186 114
177 186 102
8 186 78
86 186 33
89 186 33
96 186 54
36 220 227
36 217 251
36 178 93
36 177 96
8 36 72
36 86 33
36 89 33
36 96 33
176 220 100
176 217 72
176 178 72
176 177 72
8 176 72
86 176 33
89 176 33
96 176 33
139 217 72
139 178 72
139 177 85
8 139 85
86 139 33
89 139 33
96 139 33
178 220 171
177 220 109
8 220 108
86 220 33
89 220 33
96 220 71
178 217 100
177 217 100
8 217 76
86 217 33
89 217 33
96 217 33
177 178 97
8 178 76
86 178 33
89 178 33
96 178 68
86 177 63
89 177 63
96 177 64
8 86 63
8 89 63
8 96 63
86 89 118
86 96 118
49 94 44
49 178 39
49 217 39
49 220 69
49 139 79
49 176 39
36 49 39
49 186 39
49 232 39
49 233 39
54 178 39
54 217 39
54 220 71
54 139 85
54 176 39
36 54 39
54 186 45
54 232 39
54 233 39
91 178 39
91 217 39
91 220 71
91 139 79
91 176 39
36 91 39
91 186 39
91 232 39
91 233 39
95 178 76
95 217 41
95 220 111
95 139 51
95 176 39
36 95 39
95 186 65
95 232 75
95 233 60
94 178 74
94 217 39
94 220 74
94 139 39
94 176 39
36 94 39
94 186 60
94 232 74
94 233 60
17 21 30
21 194 50
21 86 30
21 89 30
21 96 30
17 20 30
20 194 50
20 86 30
20 89 30
20 96 30
17 194 30
17 101 52
17 177 30
8 17 30
17 86 30
17 95 30
17 89 30
17 96 30
101 194 61
177 194 50
8 194 30
86 194 30
95 194 30
89 194 30
96 194 30
86 101 30
89 101 30
96 101 68
86 95 108
9 220 15
9 101 18
9 193 19
101 224 11
9 224 6
233 239 406
9 38 11
9 233 12
185 239 176
210 239 181
11 185 146
161 185 46
185 268 24
161 210 156
210 268 164
213 239 133
25 53 219
53 185 88
53 239 154
11 25 64
25 239 87
232 239 419
167 239 59
11 167 22
167 232 117
25 232 106
25 167 94
53 167 92
167 210 94
161 211 63
53 161 137
25 161 111
210 211 63
53 211 61
25 211 59
11 211 38
211 239 46
185 211 16
126 239 191
131 239 85
11 126 34
11 131 34
131 132 88
128 131 88
131 145 36
128 132 88
126 132 36
132 145 36
101 132 36
11 132 24
132 239 29
128 145 36
11 128 24
128 239 50
126 145 36
101 145 36
11 145 24
145 239 29
26 185 102
26 239 104
27 239 132
168 239 116
214 239 85
11 214 75
185 214 81
168 214 58
27 214 106
26 214 98
213 214 105
165 239 40
24 239 62
165 185 36
24 185 60
165 214 36
24 214 77
53 214 87
187 239 70
11 187 30
185 187 153
168 187 29
27 187 76
26 187 27
24 187 27
53 187 27
187 213 70
187 214 27
30 278 39
76 278 31
101 278 26
11 30 35
30 239 72
239 271 63
162 239 57
11 271 9
11 162 9
19 30 35
19 271 23
19 162 23
30 272 67
30 271 48
30 162 57
264 271 48
162 264 51
262 271 736
162 262 392
271 272 818
162 272 346
162 271 407
11 233 46
232 235 243
233 235 250
167 235 30
164 239 38
11 164 16
164 235 22
164 232 54
164 233 71
109 112 244
110 112 195
112 187 261
11 112 12
112 239 64
109 110 153
109 187 228
11 109 30
109 239 40
110 187 188
11 110 12
110 239 50
38 137 229
38 136 138
38 158 18
136 137 65
137 139 242
137 158 18
11 137 53
137 239 286
136 158 18
11 136 88
136 239 120
34 239 28
35 239 28
18 239 28
11 34 24
11 35 24
11 18 24
34 139 35
35 139 35
18 139 89
83 139 31
76 139 89
34 136 35
35 136 35
18 136 35
83 136 31
76 136 35
34 38 37
35 38 35
18 38 35
38 83 31
38 76 35
34 35 37
18 34 37
34 83 33
34 76 35
18 35 37
35 83 33
35 76 35
18 83 33
18 76 141
196 239 120
146 239 164
23 239 56
21 239 83
11 21 30
21 196 70
21 23 42
11 20 30
20 239 60
147 239 24
127 239 15
23 147 15
23 127 15
21 22 20
22 239 20
242 251 76
240 251 76
241 251 76
20 251 30
196 251 18
101 251 33
11 251 18
239 251 18
240 242 76
241 242 76
20 242 18
196 242 18
101 242 33
11 242 18
239 242 18
240 241 85
20 240 18
196 240 18
101 240 46
11 240 18
239 240 30
20 241 18
196 241 18
101 241 41
11 241 18
239 241 20
20 196 43
77 239 25
81 239 34
11 77 18
11 81 18
84 129 15
84 133 15
84 134 15
84 85 15
82 84 15
76 84 15
11 84 15
84 239 15
78 239 9
80 239 9
11 78 9
11 80 9
76 78 119
76 80 9
78 83 9
77 83 21
81 83 29
80 83 9
77 78 9
78 81 9
78 80 9
77 80 9
80 81 9
36 239 349
186 239 497
188 239 72
234 239 97
236 239 91
11 188 34
11 234 30
11 236 30
36 188 203
36 234 80
36 236 67
186 188 244
186 234 139
186 236 118
188 234 96
188 236 80
234 236 170
109 163 107
163 168 32
163 232 18
11 163 18
163 239 25
109 168 48
109 232 18
169 173 85
172 173 85
173 176 368
11 173 56
173 239 95
169 172 92
169 176 92
11 169 56
169 239 83
172 176 103
11 172 56
172 239 89
170 173 20
169 170 20
170 172 20
170 176 20
11 170 12
170 239 18
68 227 296
198 227 165
149 227 163
151 227 139
154 227 161
68 239 1598
198 239 289
149 239 313
151 239 284
154 239 333
12 68 291
68 198 223
68 149 220
68 151 197
68 154 218
12 198 167
12 149 90
12 151 76
12 154 102
149 198 250
151 198 237
154 198 236
149 151 253
149 154 354
151 154 253
60 228 370
60 227 347
60 239 390
60 68 24
12 60 24
60 198 14
60 149 14
60 151 14
60 154 14
227 228 355
228 239 352
68 228 24
12 228 24
198 228 14
149 228 14
151 228 14
154 228 14
148 152 55
152 154 71
149 152 47
152 153 31
13 152 31
16 152 31
139 152 31
152 220 30
101 152 27
148 154 53
148 149 27
148 153 11
13 148 11
16 148 11
139 148 11
148 220 10
101 148 11
153 154 20
13 154 20
16 154 20
139 154 20
154 220 22
101 154 16
149 153 31
13 149 31
16 149 31
139 149 31
149 220 30
101 149 27
13 153 40
16 153 31
139 153 31
153 220 30
101 153 27
13 16 31
13 139 31
13 220 30
13 101 27
16 139 99
16 220 30
16 101 27
76 146 728
78 146 91
18 146 90
146 188 90
146 186 90
36 146 75
146 173 61
146 176 63
139 146 73
16 146 91
146 198 33
146 201 33
146 200 33
146 199 33
63 146 33
62 146 33
76 188 105
76 186 137
36 76 90
76 173 61
76 176 51
16 76 72
14 76 51
12 76 60
76 198 33
76 201 33
76 200 33
76 199 33
63 76 33
62 76 33
18 78 106
78 188 109
78 186 108
36 78 90
78 173 61
78 176 51
78 139 54
16 78 72
14 78 51
12 78 60
78 198 33
78 201 33
78 200 33
78 199 33
63 78 33
62 78 33
18 188 105
18 186 106
18 36 90
18 173 61
18 176 51
16 18 72
14 18 51
12 18 60
18 198 33
18 201 33
18 200 33
18 199 33
18 63 33
18 62 33
173 188 73
176 188 63
139 188 88
16 188 73
14 188 51
12 188 60
188 198 33
188 201 33
188 200 33
188 199 33
63 188 33
62 188 33
173 186 127
16 186 75
14 186 51
186 198 33
186 201 33
186 200 33
186 199 33
63 186 33
62 186 33
36 173 73
16 36 63
14 36 51
36 198 33
36 201 33
36 200 33
36 199 33
36 63 33
36 62 33
139 173 120
16 173 51
14 173 51
12 173 51
173 198 33
173 201 33
173 200 33
173 199 33
63 173 33
62 173 33
16 176 51
14 176 51
176 198 33
176 201 33
176 200 33
176 199 33
63 176 33
62 176 33
14 139 33
139 198 33
139 201 33
139 200 33
139 199 33
63 139 33
62 139 33
14 16 55
12 16 70
16 198 33
16 201 33
16 200 33
16 199 33
16 63 33
16 62 33
14 198 33
14 201 33
14 200 33
14 199 33
14 63 33
14 62 33
12 201 65
12 200 40
12 199 40
12 63 38
12 62 40
198 201 82
198 200 40
198 199 40
63 198 38
62 198 40
200 201 40
199 201 40
63 201 38
62 201 40
199 200 40
63 200 38
62 200 40
63 199 71
62 199 40
62 63 69
12 141 18
12 175 18
14 141 18
14 175 18
16 141 72
16 175 18
141 175 18
141 176 18
141 173 18
36 141 18
141 186 18
141 188 18
18 141 18
78 141 18
76 141 18
141 146 18
175 176 18
173 175 18
36 175 18
175 186 18
175 188 18
18 175 18
78 175 18
76 175 18
146 175 18
14 153 9
12 153 9
153 239 9
13 14 9
12 13 9
13 239 9
14 239 11
12 108 149
108 239 159
108 227 105
16 108 10
16 239 54
141 239 46
140 239 32
111 239 19
16 140 40
16 111 24
140 141 42
111 141 24
108 141 4
111 143 10
111 142 10
142 143 10
141 143 10
16 143 10
143 239 8
141 142 10
16 142 10
142 239 8
141 144 17
16 144 17
144 239 12
141 174 26
16 174 26
174 239 21
17 220 10
131 220 41
221 222 12
17 221 6
131 221 15
101 222 81
17 222 10
131 222 21
17 193 22
17 131 35
17 223 12
131 223 12
139 196 14
17 139 13
131 139 14
176 196 24
17 176 12
131 176 12
38 196 26
17 38 13
38 131 14
17 196 17
131 146 26
21 131 26
20 131 26
131 194 20
131 219 20
131 177 23
126 146 37
21 126 37
20 126 37
126 194 20
126 219 20
126 177 20
146 194 20
146 219 20
21 219 20
20 219 20
194 196 20
196 219 20
177 196 23
194 219 20
194 239 29
219 239 55
177 239 23
251 252 12
20 252 12
146 252 12
76 252 12
233 252 12
232 252 12
146 251 57
76 251 34
233 251 34
232 251 34
20 76 114
20 233 98
20 232 87
146 233 137
146 232 200
76 233 269
20 243 66
23 243 52
76 243 52
77 243 52
233 243 52
232 243 52
167 243 52
166 243 52
25 243 52
53 243 52
210 243 52
161 243 52
243 279 52
243 269 52
243 268 52
20 23 52
20 77 102
20 167 66
20 166 66
20 25 66
20 53 66
20 210 66
20 161 52
20 279 52
20 269 52
20 268 52
23 76 52
23 77 52
23 233 52
23 232 52
23 167 52
23 166 52
23 25 52
23 53 52
23 210 52
23 161 52
23 279 52
23 269 52
23 268 52
76 167 66
76 166 66
25 76 66
53 76 66
76 161 52
76 279 60
76 269 52
77 233 134
77 232 255
77 167 66
77 166 66
25 77 66
53 77 66
77 210 90
77 161 52
77 279 52
77 269 52
77 268 52
167 233 66
166 233 66
25 233 66
53 233 66
210 233 155
161 233 52
233 279 52
233 269 52
233 268 52
166 232 66
161 232 64
232 279 52
232 269 52
232 268 52
166 167 66
161 167 64
167 279 52
167 269 52
167 268 52
25 166 104
53 166 103
166 210 137
161 166 52
166 279 52
166 269 52
166 268 104
25 279 52
25 269 52
25 268 52
53 279 52
53 269 52
53 268 52
210 279 52
210 269 52
161 279 52
161 269 52
269 279 52
268 279 76
268 269 52
146 210 119
21 210 22
210 241 22
210 240 22
210 242 22
210 251 22
213 233 73
146 213 88
21 213 22
213 241 22
213 240 22
213 242 22
213 251 22
26 233 58
26 76 58
26 146 58
21 26 22
26 241 22
26 240 22
26 242 22
26 251 22
27 233 89
27 146 122
21 27 22
27 241 22
27 240 22
27 242 22
27 251 22
21 232 22
232 241 22
232 240 22
232 242 22
21 233 22
233 241 22
233 240 22
233 242 22
21 76 22
76 241 22
76 240 22
76 242 22
146 241 58
146 240 46
146 242 45
21 241 53
21 240 42
21 242 41
21 251 41
21 243 14
146 243 14
126 243 14
128 243 14
32 243 14
30 243 14
243 264 14
243 262 14
20 128 14
20 32 14
20 30 14
20 264 14
20 262 14
21 128 14
21 32 14
21 30 14
21 264 14
21 262 14
128 146 14
32 146 14
30 146 14
146 264 14
146 262 14
32 126 63
32 128 70
97 257 306
196 257 90
23 257 85
146 257 90
97 247 282
101 247 379
196 247 79
23 247 79
146 247 79
97 249 111
101 249 129
196 249 79
23 249 79
146 249 79
97 196 100
23 97 94
97 146 100
111 176 12
38 111 12
111 196 12
23 111 12
111 146 12
23 176 12
23 38 12
38 146 12
125 131 52
32 131 62
53 131 52
131 166 32
25 131 32
26 131 20
27 131 20
24 131 20
131 213 40
125 132 52
125 128 66
32 125 52
53 125 52
125 166 32
25 125 32
26 125 20
27 125 20
24 125 20
125 213 40
32 132 52
53 132 52
132 166 32
25 132 32
26 132 20
27 132 20
24 132 20
132 213 40
53 128 52
128 166 32
25 128 32
26 128 20
27 128 20
24 128 20
128 213 40
32 53 52
32 166 32
25 32 32
26 32 20
27 32 20
24 32 20
32 213 40
26 166 20
27 166 20
24 166 20
166 213 22
25 26 20
24 25 20
72 97 40
72 139 107
72 176 49
72 173 49
72 187 58
70 97 69
70 176 49
70 173 49
70 185 56
70 187 58
25 70 49
27 70 65
70 213 58
70 210 65
97 173 157
97 187 169
25 97 40
101 173 184
101 187 255
139 185 56
139 187 59
25 139 49
176 185 115
176 187 232
25 176 61
173 185 49
173 187 166
25 173 49
27 173 49
173 213 49
173 210 49
25 187 49
187 210 49
25 186 18
77 146 182
146 168 24
146 165 24
76 168 29
76 165 24
77 168 24
77 165 24
27 77 24
26 77 24
77 213 24
168 233 24
165 233 24
210 235 102
213 235 36
27 235 36
186 235 319
76 218 35
218 232 35
27 218 18
213 218 18
210 218 18
27 220 20
213 220 18
210 220 18
221 250 22
101 250 29
76 250 24
232 250 24
27 250 14
213 250 14
210 250 14
27 257 14
213 257 14
210 257 14
112 168 20
112 165 16
27 112 16
112 213 16
112 210 16
112 268 16
112 262 16
109 165 16
27 109 16
109 213 16
109 210 16
109 268 16
109 262 16
168 268 23
168 262 30
165 268 16
165 262 16
27 268 23
27 262 30
213 268 23
213 262 30
210 262 36
111 235 16
27 111 8
111 213 8
111 212 8
111 210 8
212 235 8
28 51 62
28 50 62
28 48 62
28 49 62
28 54 62
28 95 62
28 96 60
28 226 62
28 230 58
28 231 58
28 225 56
28 60 58
28 57 56
28 55 56
46 51 33
46 50 33
46 48 33
46 49 33
46 54 33
46 95 33
46 96 33
46 226 33
46 230 33
46 231 33
46 225 33
46 60 33
46 57 33
46 55 33
40 51 62
40 50 62
40 48 62
40 49 62
40 54 62
40 95 62
40 96 60
40 226 62
40 230 58
40 231 58
40 225 56
40 60 58
40 57 56
40 55 56
51 96 60
51 226 62
51 230 58
51 231 58
51 225 56
51 60 58
51 57 56
51 55 56
50 96 60
50 226 62
50 230 58
50 231 58
50 225 56
50 60 58
50 57 56
50 55 56
48 95 62
48 96 60
48 226 62
48 230 58
48 231 58
48 225 56
48 60 58
48 57 56
48 55 56
49 96 97
49 226 99
49 230 58
49 231 58
49 225 56
49 60 58
49 57 56
49 55 56
54 96 97
54 226 99
54 230 58
54 231 58
54 225 56
54 60 58
54 57 56
54 55 56
95 226 105
95 230 58
95 231 58
95 225 56
60 95 58
57 95 56
55 95 56
96 226 105
96 230 58
96 231 58
96 225 56
60 96 58
57 96 56
55 96 56
226 230 70
226 231 74
225 226 56
60 226 58
57 226 56
55 226 56
230 231 88
225 230 74
60 230 76
57 230 56
55 230 56
225 231 118
60 231 115
57 231 56
55 231 56
60 225 118
57 225 56
55 225 56
57 60 91
55 60 89
55 57 91
85 262 22
30 85 22
79 239 42
33 239 21
29 239 21
31 239 21
79 101 48
33 101 27
29 101 27
31 101 27
79 126 48
79 128 27
33 79 25
29 79 25
31 79 25
33 126 27
29 126 27
31 126 27
33 128 29
29 128 29
31 128 29
29 33 29
31 33 29
29 31 29
139 157 20
157 176 20
157 173 20
157 186 20
157 232 20
157 233 20
157 164 20
32 157 20
30 157 20
157 264 20
157 262 20
139 164 20
32 139 20
30 139 20
139 264 20
139 262 40
164 176 20
32 176 20
30 176 20
176 264 20
176 262 20
173 232 66
173 233 66
164 173 20
32 173 20
30 173 20
173 264 20
173 262 20
164 186 20
32 186 20
30 186 20
186 264 20
186 262 43
32 232 20
30 232 20
232 264 20
232 262 23
32 233 20
30 233 20
233 264 20
233 262 20
32 164 20
30 164 20
164 264 20
164 262 20
126 278 14
32 76 93
76 271 43
76 162 37
32 85 12
85 264 12
85 271 12
85 162 12
32 271 17
32 162 23
32 220 47
30 220 51
220 264 47
220 262 47
220 275 47
220 272 47
220 277 47
32 221 47
30 221 47
221 264 47
221 262 60
221 275 47
221 272 47
221 277 47
101 275 47
101 272 61
101 277 47
32 196 63
196 275 47
196 272 47
196 277 47
76 275 47
76 272 86
76 277 47
30 275 47
30 277 47
126 220 44
126 221 20
126 275 21
126 272 62
126 277 20
30 131 10
131 264 18
131 262 18
131 214 10
125 214 10
132 214 10
128 214 10
32 214 10
131 212 10
131 210 10
125 212 10
125 210 10
132 212 10
132 210 10
128 212 10
128 210 10
32 212 10
32 210 10
53 212 10
98 233 33
100 233 33
102 233 33
233 249 33
233 248 33
233 255 33
233 254 33
98 232 33
100 232 33
102 232 33
232 249 33
232 248 33
232 255 33
232 254 33
98 186 33
100 186 33
102 186 33
186 249 33
186 248 33
186 255 33
186 254 33
36 98 33
36 100 33
36 102 33
36 249 33
36 248 33
36 255 33
36 254 33
38 98 33
38 100 33
38 102 33
38 249 33
38 248 33
38 255 33
38 254 33
98 101 77
100 101 33
101 102 83
101 248 33
101 255 99
101 254 99
97 98 45
98 100 33
98 102 33
98 249 33
98 248 33
98 255 33
98 254 33
97 100 45
97 102 72
97 248 33
97 255 33
97 254 33
100 102 33
100 249 33
100 248 33
100 255 33
100 254 33
102 249 50
102 248 33
102 255 33
102 254 33
248 249 33
249 255 33
249 254 33
248 255 33
248 254 33
254 255 147
233 247 72
233 257 81
232 247 72
186 247 72
186 257 81
36 247 72
36 257 81
38 247 72
38 257 81
177 221 45
38 177 24
178 221 174
101 178 186
38 178 21
217 221 81
101 217 85
38 217 24
38 221 24
36 221 24
221 233 63
78 131 15
18 131 15
131 188 15
131 186 25
36 131 15
78 126 15
18 126 15
126 188 15
126 186 25
36 126 15
37 239 23
190 239 23
37 139 25
139 190 25
37 137 27
137 190 27
37 190 27
233 234 71
232 234 23
234 235 72
173 234 12
176 234 12
233 236 58
232 236 27
235 236 58
173 236 12
176 236 12
188 233 45
188 232 18
188 235 72
36 235 193
173 235 12
176 235 12
217 227 113
220 227 174
137 227 64
36 227 64
186 227 64
227 235 64
227 232 64
227 233 64
217 239 246
137 217 155
217 235 155
137 220 155
220 235 166
36 137 202
137 186 201
137 235 155
137 232 155
137 233 198
36 185 16
185 186 18
39 41 19
39 47 19
39 45 19
39 40 19
54 239 521
49 239 455
91 239 434
95 239 515
86 239 151
93 239 46
52 239 25
180 239 38
51 239 38
86 93 46
86 237 47
52 86 25
86 180 25
51 86 25
52 93 25
93 180 25
51 93 25
52 237 25
180 237 25
51 237 25
52 180 25
51 52 25
48 53 16
48 91 20
48 239 18
49 53 45
53 54 49
53 91 49
50 239 15
49 227 142
54 227 142
91 227 142
95 227 71
49 237 33
49 238 33
49 71 33
49 74 33
49 72 33
49 70 33
49 98 33
49 188 33
49 235 33
49 234 33
49 236 33
54 237 33
54 238 33
54 71 33
54 74 33
54 72 33
54 70 33
54 98 33
54 188 33
54 235 33
54 234 33
54 236 33
91 237 33
91 238 33
71 91 33
74 91 33
72 91 33
70 91 33
91 98 33
91 188 33
91 235 33
91 234 33
91 236 33
53 237 33
71 237 57
74 237 57
72 237 49
70 237 33
98 237 33
101 237 33
139 237 33
188 237 33
235 237 33
234 237 33
236 237 33
53 238 33
53 71 33
53 74 33
53 72 33
53 70 33
53 98 33
53 101 33
53 188 33
53 235 33
53 234 33
53 236 33
74 238 71
98 238 33
101 238 49
139 238 49
188 238 33
235 238 33
234 238 33
236 238 33
71 74 109
71 98 33
71 101 40
71 139 40
71 188 33
71 235 33
71 234 33
71 236 33
72 74 79
70 74 40
74 98 40
74 101 40
74 139 40
74 188 33
74 235 33
74 234 33
74 236 33
72 188 33
72 235 33
72 234 33
72 236 33
70 188 33
70 235 33
70 234 33
70 236 33
98 139 42
98 188 33
98 235 33
98 234 33
98 236 33
101 188 51
101 235 51
101 234 51
101 236 42
139 235 33
139 234 33
139 236 33
53 162 16
161 162 16
119 239 20
58 239 26
56 239 24
58 119 20
56 119 18
56 58 31
56 59 8
55 56 8
56 228 8
56 208 8
58 59 8
55 58 8
58 228 8
58 208 8
55 59 8
59 228 8
59 208 8
59 239 8
55 228 32
55 208 8
55 239 32
208 228 8
208 239 8
55 227 20
55 207 20
57 228 24
57 227 20
57 207 20
57 239 24
60 207 240
207 228 168
207 227 210
207 239 275
228 231 12
227 231 25
207 231 53
231 239 53
225 228 12
225 227 12
207 225 43
225 239 43
69 239 18
66 239 18
61 239 16
62 65 27
62 239 31
63 65 54
63 239 53
65 239 81
199 202 35
67 202 35
202 239 35
67 199 74
199 239 82
67 239 69
197 239 40
65 67 18
67 197 47
65 197 11
65 199 41
197 199 47
64 239 26
64 67 26
64 197 26
64 199 26
64 202 26
197 202 29
73 102 97
72 102 100
74 102 39
71 102 58
102 237 16
102 239 72
72 73 95
73 74 41
71 73 58
73 237 16
73 239 72
74 239 56
72 227 36
70 227 36
71 227 36
227 238 36
73 238 20
102 238 20
70 73 45
70 102 45
97 239 33
98 239 12
75 97 17
75 100 12
70 100 12
100 239 12
70 75 12
75 239 12
2 184 6
101 184 6
184 193 6
2 101 15
2 193 6
239 279 24
85 279 8
85 268 8
186 218 18
218 239 16
218 235 11
221 235 11
76 235 21
76 178 36
76 94 14
76 95 15
76 96 15
94 221 35
95 221 48
96 221 35
94 96 209
126 271 41
126 162 29
130 131 20
79 131 22
126 130 20
79 130 20
101 130 20
130 220 20
130 239 20
79 220 20
126 232 24
131 232 24
126 233 24
131 233 28
189 196 76
82 146 185
82 232 122
77 82 146
82 233 9
97 131 33
102 131 33
131 253 33
131 259 33
131 258 33
131 245 33
131 244 33
97 126 33
102 126 33
126 253 33
126 259 33
126 258 33
126 245 33
126 244 33
76 102 33
76 253 60
76 259 60
76 258 33
76 245 60
76 244 51
101 253 258
101 259 249
101 258 195
101 245 60
101 244 51
97 253 189
97 259 178
97 258 171
97 245 33
97 244 33
102 253 50
102 259 44
102 258 33
102 245 33
102 244 33
77 111 8
76 111 8
85 111 8
111 126 8
77 235 8
85 235 8
126 235 8
77 85 8
77 126 8
124 239 18
76 124 22
83 124 8
82 124 16
85 124 28
124 134 28
124 133 16
124 129 28
86 94 77
89 209 60
89 206 107
89 239 287
96 209 120
96 206 207
96 239 576
206 209 57
209 239 104
206 239 167
90 96 30
87 96 30
92 96 30
87 90 30
90 209 30
90 92 30
90 239 23
87 209 30
87 92 30
87 239 23
92 209 30
92 239 23
89 94 160
112 173 117
112 176 183
101 112 206
97 112 129
112 247 183
112 257 183
112 253 131
112 259 124
112 258 117
109 173 117
109 176 183
101 109 206
97 109 129
109 247 183
109 257 183
109 253 131
109 259 124
109 258 117
110 173 117
110 176 117
101 110 131
97 110 129
110 247 117
110 257 117
110 253 131
110 259 124
110 258 117
187 247 183
187 257 183
187 253 131
187 259 124
187 258 117
173 247 117
173 257 117
173 253 117
173 259 117
173 258 117
176 247 183
176 257 183
176 253 117
176 259 117
176 258 117
255 256 66
254 256 66
256 257 66
247 256 66
101 256 87
176 256 66
185 256 66
187 256 66
112 256 66
109 256 66
163 256 66
255 257 114
247 255 66
176 255 66
185 255 66
187 255 66
112 255 66
109 255 66
163 255 66
254 257 114
247 254 66
176 254 66
185 254 66
187 254 66
112 254 66
109 254 66
163 254 66
185 257 66
163 257 66
185 247 66
163 247 66
101 163 75
163 176 66
112 185 80
109 185 80
163 185 73
163 187 75
112 163 75
116 117 208
117 123 96
117 239 218
116 123 125
116 239 314
123 239 125
115 116 96
115 117 58
122 239 45
122 123 12
116 122 16
117 122 42
113 116 120
113 239 104
113 115 43
113 123 23
117 121 24
114 117 24
121 122 32
114 122 30
114 121 32
121 239 32
114 239 34
114 115 6
115 121 6
115 122 6
126 279 8
101 162 14
101 271 14
126 236 6
131 236 6
196 222 7
262 263 20
263 264 8
131 263 8
111 220 6
173 220 18
111 186 6
111 188 6
111 232 6
111 233 6
146 218 6
151 152 35
152 239 62
148 151 8
148 239 31
149 150 9
150 198 9
150 239 9
152 203 54
152 201 27
152 198 31
151 203 27
201 203 27
198 203 31
203 239 42
151 201 35
201 239 50
166 235 66
166 186 66
166 239 48
274 277 304
268 277 307
210 277 52
166 277 52
235 277 52
186 277 52
272 274 566
268 272 587
210 272 52
166 272 52
235 272 52
186 272 52
268 274 564
210 274 52
166 274 52
235 274 52
186 274 52
239 274 36
186 268 60
167 168 16
168 235 22
178 227 51
221 227 137
101 227 139
223 227 60
193 227 83
178 239 128
178 223 79
178 193 79
240 243 12
179 243 12
101 243 12
239 243 12
179 240 12
101 179 39
179 239 36
246 256 30
179 246 30
101 246 21
239 246 20
179 256 30
239 256 20
189 194 11
194 222 11
189 222 11
191 195 15
191 215 8
191 216 17
191 220 17
191 239 12
195 215 8
195 216 13
195 220 15
195 239 10
215 216 8
215 220 8
215 239 8
216 220 17
216 239 12
205 239 203
204 205 32
204 239 32
226 229 12
226 227 59
207 226 12
226 239 12
229 230 12
227 230 12
207 230 26
230 239 30
229 231 12
227 229 12
207 229 12
229 239 12
239 254 48
239 255 48
180 182 13
39 180 5
180 183 5
260 277 52
261 277 52
260 275 52
260 261 94
260 262 94
261 275 52
261 262 94
263 277 12
260 263 12
263 275 12
261 263 12
265 275 321
262 265 1445
271 275 324
265 271 315
265 272 315
162 273 150
271 273 160
272 273 140
262 273 130
265 268 1128
267 278 40
268 278 36
262 267 36
267 268 36
264 265 6
268 271 104
271 274 98
273 274 10
268 273 10
268 276 108
268 275 116
275 276 108
162 270 20
270 273 20
270 271 20
107 239 23
7 107 32
245 257 20
2 239 6
136 186 8
135 136 12
136 218 2
11 218 1
27 136 1
27 135 1
136 232 6
135 232 1
135 186 1
135 176 5
135 239 4
135 218 1
235 262 4
76 177 2
27 177 2
88 101 4
88 220 4
88 95 3
88 96 6
27 88 1
27 95 1
27 96 1
88 232 2
76 88 1
88 221 1
88 136 1
88 186 1
136 220 1
136 221 6
88 177 2
2 257 10
2 250 2
2 76 1
2 232 1
168 257 1
2 40 5
2 218 1
46 218 1
2 46 1
101 135 2
135 221 7
43 72 1
72 183 1
176 221 2
193 246 2
193 256 2
179 193 11
246 257 2
245 246 2
246 259 1
112 234 7
175 239 28
175 234 8
112 233 3
112 175 9
175 233 2
168 175 7
168 234 2
175 187 3
110 175 4
50 220 14
50 221 6
49 221 6
54 221 12
91 221 6
8 221 14
51 220 8
20 221 5
21 221 5
135 139 4
44 55 23
44 57 23
44 60 25
44 225 23
44 231 25
44 230 25
44 226 29
44 96 27
44 95 29
44 54 29
44 49 29
44 48 29
44 50 29
44 51 29
40 44 29
28 44 29
110 185 7
185 253 7
185 259 7
47 188 18
47 235 18
47 236 9
47 234 18
45 188 18
45 235 18
45 236 9
45 234 18
40 188 18
40 235 18
40 236 9
40 234 18
4 97 27
4 191 18
4 38 18
4 36 18
4 186 18
4 188 18
4 235 18
4 233 18
4 236 9
4 234 18
1 188 18
1 235 18
1 236 9
1 234 18
97 188 18
97 235 18
97 236 9
97 234 18
188 191 18
191 235 18
191 236 9
191 234 18
38 188 18
38 235 18
38 236 9
38 234 18
139 163 9
99 163 9
98 163 9
70 163 9
72 163 9
74 163 7
1 163 9
109 139 9
99 109 9
98 109 9
70 109 9
72 109 9
74 109 7
1 109 9
112 139 11
99 112 9
98 112 9
70 112 9
72 112 9
74 112 7
1 112 9
99 187 9
98 187 9
74 187 7
1 187 9
99 185 7
98 185 7
74 185 7
99 139 9
99 101 9
98 99 9
70 99 9
72 99 9
74 99 7
1 99 9
1 74 7
126 183 9
131 183 19
126 189 20
131 189 41
131 182 10
27 238 16
213 238 9
210 238 16
71 210 7
27 71 7
54 189 19
49 189 19
48 189 19
50 189 19
51 189 19
180 189 19
181 189 18
177 210 6
8 210 6
95 210 5
54 210 6
139 221 13
221 268 1
139 268 8
17 128 2
98 128 2
17 76 4
76 98 2
17 98 2
1 17 4
17 182 4
17 40 2
98 196 2
102 257 13
16 68 44
68 146 21
68 76 21
68 78 21
18 68 21
68 188 22
68 186 24
36 68 12
62 158 7
62 220 7
62 221 2
62 101 7
158 199 7
199 220 7
199 221 2
101 199 7
158 200 7
200 220 7
200 221 2
101 200 7
158 201 7
201 220 7
201 221 2
101 201 7
158 198 7
198 220 7
198 221 2
101 198 7
63 101 5
63 220 5
63 158 5
146 152 19
21 152 11
152 241 11
152 240 9
152 242 9
152 251 9
146 149 19
21 149 11
149 241 11
149 240 9
149 242 9
149 251 9
146 153 19
21 153 11
153 241 11
153 240 9
153 242 9
153 251 9
13 146 19
13 21 11
13 241 11
13 240 9
13 242 9
13 251 9
16 21 11
16 241 11
16 240 9
16 242 9
16 251 9
21 139 11
139 241 11
139 240 9
139 242 9
139 251 9
21 220 11
220 241 11
220 240 9
220 242 9
220 251 9
154 251 4
154 242 4
154 240 4
154 241 4
21 154 4
146 154 8
167 211 12
211 232 12
25 171 3
53 171 10
171 210 5
171 211 5
161 171 5
171 187 3
168 171 5
27 171 5
26 171 5
24 171 5
171 213 5
171 214 5
112 140 20
112 174 14
112 141 20
16 112 20
112 144 7
111 112 6
16 104 6
104 239 4
14 104 2
160 239 8
159 239 4
157 239 8
158 160 12
158 159 6
157 158 10
159 160 6
157 160 12
157 159 6
148 198 6
149 203 8
154 203 20
148 203 24
68 201 3
68 203 3
68 152 3
81 253 27
81 259 27
81 245 27
81 244 18
189 253 27
189 259 27
189 245 27
189 244 18
193 253 27
193 259 27
193 245 27
193 244 18
77 244 9
77 245 18
77 259 18
77 253 18
4 168 9
4 27 9
4 213 7
4 210 9
32 182 14
168 221 7
31 125 12
29 125 12
33 125 12
125 126 18
79 125 12
101 125 14
125 239 8
49 86 2
86 91 2
54 86 1
114 116 4
114 123 2
68 199 30
125 278 4
220 278 4
7 278 2
30 125 4
7 30 2
76 125 4
125 220 4
7 125 2
7 126 2
266 267 4
96 227 49
89 227 45
89 226 47
91 226 37
91 96 37
89 91 40
54 89 40
49 89 40
193 217 45
217 223 20
4 257 56
7 137 44
7 36 43
7 186 43
7 233 41
65 68 27
63 68 30
58 118 9
56 118 7
118 119 9
118 239 9
